 0.0390625 0.005 0.00244681
 0.117188 0.005 0.00244681
 0.195312 0.005 0.00244681
 0.273438 0.005 0.00244681
 0.351562 0.005 0.00244681
 0.429688 0.005 0.00244681
 0.507812 0.005 0.00244681
 0.585938 0.005 0.00244681
 0.664063 0.005 0.00244681
 0.742187 0.005 0.00244681
 0.820313 0.005 0.00244681
 0.898437 0.005 0.00244681
 0.976562 0.005 0.00244681
 1.05469 0.005 0.00244681
 1.13281 0.005 0.00244681
 1.21094 0.005 0.00244681
 1.28906 0.005 0.00244681
 1.36719 0.005 0.00244681
 1.44531 0.005 0.00244681
 1.52344 0.005 0.00244681
 1.60156 0.005 0.00244681
 1.67969 0.005 0.00244681
 1.75781 0.005 0.00244681
 1.83594 0.005 0.00244681
 1.91406 0.005 0.00244681
 1.99219 0.005 0.00244681
 2.07031 0.005 0.00244681
 2.14844 0.005 0.00244681
 2.22656 0.005 0.00244681
 2.30469 0.005 0.00244681
 2.38281 0.005 0.00244681
 2.46094 0.005 0.00244681
 2.53906 0.005 0.00244681
 2.61719 0.005 0.00244681
 2.69531 0.005 0.00244681
 2.77344 0.005 0.00244681
 2.85156 0.005 0.00244681
 2.92969 0.005 0.00244681
 3.00781 0.005 0.00244681
 3.08594 0.005 0.00244681
 3.16406 0.005 0.00244681
 3.24219 0.005 0.00244681
 3.32031 0.005 0.00244681
 3.39844 0.005 0.00244681
 3.47656 0.005 0.00244681
 3.55469 0.005 0.00244681
 3.63281 0.005 0.00244681
 3.71094 0.005 0.00244681
 3.78906 0.005 0.00244681
 3.86719 0.005 0.00244681
 3.94531 0.005 0.00244681
 4.02344 0.005 0.00244681
 4.10156 0.005 0.00244681
 4.17969 0.005 0.00244681
 4.25781 0.005 0.00244681
 4.33594 0.005 0.00244681
 4.41406 0.005 0.00244681
 4.49219 0.005 0.00244681
 4.57031 0.005 0.00244681
 4.64844 0.005 0.00244681
 4.72656 0.005 0.00244681
 4.80469 0.005 0.00244681
 4.88281 0.005 0.00244681
 4.96094 0.005 0.00244681
 5.03906 0.005 0.00244681
 5.11719 0.005 0.00244681
 5.19531 0.005 0.00244681
 5.27344 0.005 0.00244681
 5.35156 0.005 0.00244681
 5.42969 0.005 0.00244681
 5.50781 0.005 0.00244681
 5.58594 0.005 0.00244681
 5.66406 0.005 0.00244681
 5.74219 0.005 0.00244681
 5.82031 0.005 0.00244681
 5.89844 0.005 0.00244681
 5.97656 0.005 0.00244681
 6.05469 0.005 0.00244681
 6.13281 0.005 0.00244681
 6.21094 0.005 0.00244681
 6.28906 0.005 0.00244681
 6.36719 0.005 0.00244681
 6.44531 0.005 0.00244681
 6.52344 0.005 0.00244681
 6.60156 0.005 0.00244681
 6.67969 0.005 0.00244681
 6.75781 0.005 0.00244681
 6.83594 0.005 0.00244681
 6.91406 0.005 0.00244681
 6.99219 0.005 0.00244681
 7.07031 0.005 0.00244681
 7.14844 0.005 0.00244681
 7.22656 0.005 0.00244681
 7.30469 0.005 0.00244681
 7.38281 0.005 0.00244681
 7.46094 0.005 0.00244681
 7.53906 0.005 0.00244681
 7.61719 0.005 0.00244681
 7.69531 0.005 0.00244681
 7.77344 0.005 0.00244681
 7.85156 0.005 0.00244681
 7.92969 0.005 0.00244681
 8.00781 0.005 0.00244681
 8.08594 0.005 0.00244681
 8.16406 0.005 0.00244681
 8.24219 0.005 0.00244681
 8.32031 0.005 0.00244681
 8.39844 0.005 0.00244681
 8.47656 0.005 0.00244681
 8.55469 0.005 0.00244681
 8.63281 0.005 0.00244681
 8.71094 0.005 0.00244681
 8.78906 0.005 0.00244681
 8.86719 0.005 0.00244681
 8.94531 0.005 0.00244681
 9.02344 0.005 0.00244681
 9.10156 0.005 0.00244681
 9.17969 0.005 0.00244681
 9.25781 0.005 0.00244681
 9.33594 0.005 0.00244681
 9.41406 0.005 0.00244681
 9.49219 0.005 0.00244681
 9.57031 0.005 0.00244681
 9.64844 0.005 0.00244681
 9.72656 0.005 0.00244681
 9.80469 0.005 0.00244681
 9.88281 0.005 0.00244681
 9.96094 0.005 0.00244681
 0.0390625 0.005 0.0080538
 0.117187 0.005 0.0080538
 0.195312 0.005 0.0080538
 0.273437 0.005 0.0080538
 0.351562 0.005 0.0080538
 0.429687 0.005 0.0080538
 0.507812 0.005 0.0080538
 0.585937 0.005 0.0080538
 0.664062 0.005 0.0080538
 0.742187 0.005 0.0080538
 0.820312 0.005 0.0080538
 0.898437 0.005 0.0080538
 0.976562 0.005 0.0080538
 1.05469 0.005 0.0080538
 1.13281 0.005 0.0080538
 1.21094 0.005 0.0080538
 1.28906 0.005 0.0080538
 1.36719 0.005 0.0080538
 1.44531 0.005 0.0080538
 1.52344 0.005 0.0080538
 1.60156 0.005 0.0080538
 1.67969 0.005 0.0080538
 1.75781 0.005 0.0080538
 1.83594 0.005 0.0080538
 1.91406 0.005 0.0080538
 1.99219 0.005 0.0080538
 2.07031 0.005 0.0080538
 2.14844 0.005 0.0080538
 2.22656 0.005 0.0080538
 2.30469 0.005 0.0080538
 2.38281 0.005 0.0080538
 2.46094 0.005 0.0080538
 2.53906 0.005 0.0080538
 2.61719 0.005 0.0080538
 2.69531 0.005 0.0080538
 2.77344 0.005 0.0080538
 2.85156 0.005 0.0080538
 2.92969 0.005 0.0080538
 3.00781 0.005 0.0080538
 3.08594 0.005 0.0080538
 3.16406 0.005 0.0080538
 3.24219 0.005 0.0080538
 3.32031 0.005 0.0080538
 3.39844 0.005 0.0080538
 3.47656 0.005 0.0080538
 3.55469 0.005 0.0080538
 3.63281 0.005 0.0080538
 3.71094 0.005 0.0080538
 3.78906 0.005 0.0080538
 3.86719 0.005 0.0080538
 3.94531 0.005 0.0080538
 4.02344 0.005 0.0080538
 4.10156 0.005 0.0080538
 4.17969 0.005 0.0080538
 4.25781 0.005 0.0080538
 4.33594 0.005 0.0080538
 4.41406 0.005 0.0080538
 4.49219 0.005 0.0080538
 4.57031 0.005 0.0080538
 4.64844 0.005 0.0080538
 4.72656 0.005 0.0080538
 4.80469 0.005 0.0080538
 4.88281 0.005 0.0080538
 4.96094 0.005 0.0080538
 5.03906 0.005 0.0080538
 5.11719 0.005 0.0080538
 5.19531 0.005 0.0080538
 5.27344 0.005 0.0080538
 5.35156 0.005 0.0080538
 5.42969 0.005 0.0080538
 5.50781 0.005 0.0080538
 5.58594 0.005 0.0080538
 5.66406 0.005 0.0080538
 5.74219 0.005 0.0080538
 5.82031 0.005 0.0080538
 5.89844 0.005 0.0080538
 5.97656 0.005 0.0080538
 6.05469 0.005 0.0080538
 6.13281 0.005 0.0080538
 6.21094 0.005 0.0080538
 6.28906 0.005 0.0080538
 6.36719 0.005 0.0080538
 6.44531 0.005 0.0080538
 6.52344 0.005 0.0080538
 6.60156 0.005 0.0080538
 6.67969 0.005 0.0080538
 6.75781 0.005 0.0080538
 6.83594 0.005 0.0080538
 6.91406 0.005 0.0080538
 6.99219 0.005 0.0080538
 7.07031 0.005 0.0080538
 7.14844 0.005 0.0080538
 7.22656 0.005 0.0080538
 7.30469 0.005 0.0080538
 7.38281 0.005 0.0080538
 7.46094 0.005 0.0080538
 7.53906 0.005 0.0080538
 7.61719 0.005 0.0080538
 7.69531 0.005 0.0080538
 7.77344 0.005 0.0080538
 7.85156 0.005 0.0080538
 7.92969 0.005 0.0080538
 8.00781 0.005 0.0080538
 8.08594 0.005 0.0080538
 8.16406 0.005 0.0080538
 8.24219 0.005 0.0080538
 8.32031 0.005 0.0080538
 8.39844 0.005 0.0080538
 8.47656 0.005 0.0080538
 8.55469 0.005 0.0080538
 8.63281 0.005 0.0080538
 8.71094 0.005 0.0080538
 8.78906 0.005 0.0080538
 8.86719 0.005 0.0080538
 8.94531 0.005 0.0080538
 9.02344 0.005 0.0080538
 9.10156 0.005 0.0080538
 9.17969 0.005 0.0080538
 9.25781 0.005 0.0080538
 9.33594 0.005 0.0080538
 9.41406 0.005 0.0080538
 9.49219 0.005 0.0080538
 9.57031 0.005 0.0080538
 9.64844 0.005 0.0080538
 9.72656 0.005 0.0080538
 9.80469 0.005 0.0080538
 9.88281 0.005 0.0080538
 9.96094 0.005 0.0080538
 0.0390625 0.005 0.0152955
 0.117187 0.005 0.0152955
 0.195313 0.005 0.0152955
 0.273437 0.005 0.0152955
 0.351562 0.005 0.0152955
 0.429687 0.005 0.0152955
 0.507812 0.005 0.0152955
 0.585938 0.005 0.0152955
 0.664062 0.005 0.0152955
 0.742188 0.005 0.0152955
 0.820312 0.005 0.0152955
 0.898438 0.005 0.0152955
 0.976563 0.005 0.0152955
 1.05469 0.005 0.0152955
 1.13281 0.005 0.0152955
 1.21094 0.005 0.0152955
 1.28906 0.005 0.0152955
 1.36719 0.005 0.0152955
 1.44531 0.005 0.0152955
 1.52344 0.005 0.0152955
 1.60156 0.005 0.0152955
 1.67969 0.005 0.0152955
 1.75781 0.005 0.0152955
 1.83594 0.005 0.0152955
 1.91406 0.005 0.0152955
 1.99219 0.005 0.0152955
 2.07031 0.005 0.0152955
 2.14844 0.005 0.0152955
 2.22656 0.005 0.0152955
 2.30469 0.005 0.0152955
 2.38281 0.005 0.0152955
 2.46094 0.005 0.0152955
 2.53906 0.005 0.0152955
 2.61719 0.005 0.0152955
 2.69531 0.005 0.0152955
 2.77344 0.005 0.0152955
 2.85156 0.005 0.0152955
 2.92969 0.005 0.0152955
 3.00781 0.005 0.0152955
 3.08594 0.005 0.0152955
 3.16406 0.005 0.0152955
 3.24219 0.005 0.0152955
 3.32031 0.005 0.0152955
 3.39844 0.005 0.0152955
 3.47656 0.005 0.0152955
 3.55469 0.005 0.0152955
 3.63281 0.005 0.0152955
 3.71094 0.005 0.0152955
 3.78906 0.005 0.0152955
 3.86719 0.005 0.0152955
 3.94531 0.005 0.0152955
 4.02344 0.005 0.0152955
 4.10156 0.005 0.0152955
 4.17969 0.005 0.0152955
 4.25781 0.005 0.0152955
 4.33594 0.005 0.0152955
 4.41406 0.005 0.0152955
 4.49219 0.005 0.0152955
 4.57031 0.005 0.0152955
 4.64844 0.005 0.0152955
 4.72656 0.005 0.0152955
 4.80469 0.005 0.0152955
 4.88281 0.005 0.0152955
 4.96094 0.005 0.0152955
 5.03906 0.005 0.0152955
 5.11719 0.005 0.0152955
 5.19531 0.005 0.0152955
 5.27344 0.005 0.0152955
 5.35156 0.005 0.0152955
 5.42969 0.005 0.0152955
 5.50781 0.005 0.0152955
 5.58594 0.005 0.0152955
 5.66406 0.005 0.0152955
 5.74219 0.005 0.0152955
 5.82031 0.005 0.0152955
 5.89844 0.005 0.0152955
 5.97656 0.005 0.0152955
 6.05469 0.005 0.0152955
 6.13281 0.005 0.0152955
 6.21094 0.005 0.0152955
 6.28906 0.005 0.0152955
 6.36719 0.005 0.0152955
 6.44531 0.005 0.0152955
 6.52344 0.005 0.0152955
 6.60156 0.005 0.0152955
 6.67969 0.005 0.0152955
 6.75781 0.005 0.0152955
 6.83594 0.005 0.0152955
 6.91406 0.005 0.0152955
 6.99219 0.005 0.0152955
 7.07031 0.005 0.0152955
 7.14844 0.005 0.0152955
 7.22656 0.005 0.0152955
 7.30469 0.005 0.0152955
 7.38281 0.005 0.0152955
 7.46094 0.005 0.0152955
 7.53906 0.005 0.0152955
 7.61719 0.005 0.0152955
 7.69531 0.005 0.0152955
 7.77344 0.005 0.0152955
 7.85156 0.005 0.0152955
 7.92969 0.005 0.0152955
 8.00781 0.005 0.0152955
 8.08594 0.005 0.0152955
 8.16406 0.005 0.0152955
 8.24219 0.005 0.0152955
 8.32031 0.005 0.0152955
 8.39844 0.005 0.0152955
 8.47656 0.005 0.0152955
 8.55469 0.005 0.0152955
 8.63281 0.005 0.0152955
 8.71094 0.005 0.0152955
 8.78906 0.005 0.0152955
 8.86719 0.005 0.0152955
 8.94531 0.005 0.0152955
 9.02344 0.005 0.0152955
 9.10156 0.005 0.0152955
 9.17969 0.005 0.0152955
 9.25781 0.005 0.0152955
 9.33594 0.005 0.0152955
 9.41406 0.005 0.0152955
 9.49219 0.005 0.0152955
 9.57031 0.005 0.0152955
 9.64844 0.005 0.0152955
 9.72656 0.005 0.0152955
 9.80469 0.005 0.0152955
 9.88281 0.005 0.0152955
 9.96094 0.005 0.0152955
 0.0390625 0.005 0.0246485
 0.117188 0.005 0.0246485
 0.195313 0.005 0.0246485
 0.273438 0.005 0.0246485
 0.351562 0.005 0.0246485
 0.429687 0.005 0.0246485
 0.507812 0.005 0.0246485
 0.585938 0.005 0.0246485
 0.664062 0.005 0.0246485
 0.742187 0.005 0.0246485
 0.820312 0.005 0.0246485
 0.898438 0.005 0.0246485
 0.976563 0.005 0.0246485
 1.05469 0.005 0.0246485
 1.13281 0.005 0.0246485
 1.21094 0.005 0.0246485
 1.28906 0.005 0.0246485
 1.36719 0.005 0.0246485
 1.44531 0.005 0.0246485
 1.52344 0.005 0.0246485
 1.60156 0.005 0.0246485
 1.67969 0.005 0.0246485
 1.75781 0.005 0.0246485
 1.83594 0.005 0.0246485
 1.91406 0.005 0.0246485
 1.99219 0.005 0.0246485
 2.07031 0.005 0.0246485
 2.14844 0.005 0.0246485
 2.22656 0.005 0.0246485
 2.30469 0.005 0.0246485
 2.38281 0.005 0.0246485
 2.46094 0.005 0.0246485
 2.53906 0.005 0.0246485
 2.61719 0.005 0.0246485
 2.69531 0.005 0.0246485
 2.77344 0.005 0.0246485
 2.85156 0.005 0.0246485
 2.92969 0.005 0.0246485
 3.00781 0.005 0.0246485
 3.08594 0.005 0.0246485
 3.16406 0.005 0.0246485
 3.24219 0.005 0.0246485
 3.32031 0.005 0.0246485
 3.39844 0.005 0.0246485
 3.47656 0.005 0.0246485
 3.55469 0.005 0.0246485
 3.63281 0.005 0.0246485
 3.71094 0.005 0.0246485
 3.78906 0.005 0.0246485
 3.86719 0.005 0.0246485
 3.94531 0.005 0.0246485
 4.02344 0.005 0.0246485
 4.10156 0.005 0.0246485
 4.17969 0.005 0.0246485
 4.25781 0.005 0.0246485
 4.33594 0.005 0.0246485
 4.41406 0.005 0.0246485
 4.49219 0.005 0.0246485
 4.57031 0.005 0.0246485
 4.64844 0.005 0.0246485
 4.72656 0.005 0.0246485
 4.80469 0.005 0.0246485
 4.88281 0.005 0.0246485
 4.96094 0.005 0.0246485
 5.03906 0.005 0.0246485
 5.11719 0.005 0.0246485
 5.19531 0.005 0.0246485
 5.27344 0.005 0.0246485
 5.35156 0.005 0.0246485
 5.42969 0.005 0.0246485
 5.50781 0.005 0.0246485
 5.58594 0.005 0.0246485
 5.66406 0.005 0.0246485
 5.74219 0.005 0.0246485
 5.82031 0.005 0.0246485
 5.89844 0.005 0.0246485
 5.97656 0.005 0.0246485
 6.05469 0.005 0.0246485
 6.13281 0.005 0.0246485
 6.21094 0.005 0.0246485
 6.28906 0.005 0.0246485
 6.36719 0.005 0.0246485
 6.44531 0.005 0.0246485
 6.52344 0.005 0.0246485
 6.60156 0.005 0.0246485
 6.67969 0.005 0.0246485
 6.75781 0.005 0.0246485
 6.83594 0.005 0.0246485
 6.91406 0.005 0.0246485
 6.99219 0.005 0.0246485
 7.07031 0.005 0.0246485
 7.14844 0.005 0.0246485
 7.22656 0.005 0.0246485
 7.30469 0.005 0.0246485
 7.38281 0.005 0.0246485
 7.46094 0.005 0.0246485
 7.53906 0.005 0.0246485
 7.61719 0.005 0.0246485
 7.69531 0.005 0.0246485
 7.77344 0.005 0.0246485
 7.85156 0.005 0.0246485
 7.92969 0.005 0.0246485
 8.00781 0.005 0.0246485
 8.08594 0.005 0.0246485
 8.16406 0.005 0.0246485
 8.24219 0.005 0.0246485
 8.32031 0.005 0.0246485
 8.39844 0.005 0.0246485
 8.47656 0.005 0.0246485
 8.55469 0.005 0.0246485
 8.63281 0.005 0.0246485
 8.71094 0.005 0.0246485
 8.78906 0.005 0.0246485
 8.86719 0.005 0.0246485
 8.94531 0.005 0.0246485
 9.02344 0.005 0.0246485
 9.10156 0.005 0.0246485
 9.17969 0.005 0.0246485
 9.25781 0.005 0.0246485
 9.33594 0.005 0.0246485
 9.41406 0.005 0.0246485
 9.49219 0.005 0.0246485
 9.57031 0.005 0.0246485
 9.64844 0.005 0.0246485
 9.72656 0.005 0.0246485
 9.80469 0.005 0.0246485
 9.88281 0.005 0.0246485
 9.96094 0.005 0.0246485
 0.0390625 0.005 0.0367284
 0.117187 0.005 0.0367284
 0.195312 0.005 0.0367284
 0.273438 0.005 0.0367284
 0.351562 0.005 0.0367284
 0.429688 0.005 0.0367284
 0.507812 0.005 0.0367284
 0.585937 0.005 0.0367284
 0.664063 0.005 0.0367284
 0.742188 0.005 0.0367284
 0.820312 0.005 0.0367284
 0.898437 0.005 0.0367284
 0.976563 0.005 0.0367284
 1.05469 0.005 0.0367284
 1.13281 0.005 0.0367284
 1.21094 0.005 0.0367284
 1.28906 0.005 0.0367284
 1.36719 0.005 0.0367284
 1.44531 0.005 0.0367284
 1.52344 0.005 0.0367284
 1.60156 0.005 0.0367284
 1.67969 0.005 0.0367284
 1.75781 0.005 0.0367284
 1.83594 0.005 0.0367284
 1.91406 0.005 0.0367284
 1.99219 0.005 0.0367284
 2.07031 0.005 0.0367284
 2.14844 0.005 0.0367284
 2.22656 0.005 0.0367284
 2.30469 0.005 0.0367284
 2.38281 0.005 0.0367284
 2.46094 0.005 0.0367284
 2.53906 0.005 0.0367284
 2.61719 0.005 0.0367284
 2.69531 0.005 0.0367284
 2.77344 0.005 0.0367284
 2.85156 0.005 0.0367284
 2.92969 0.005 0.0367284
 3.00781 0.005 0.0367284
 3.08594 0.005 0.0367284
 3.16406 0.005 0.0367284
 3.24219 0.005 0.0367284
 3.32031 0.005 0.0367284
 3.39844 0.005 0.0367284
 3.47656 0.005 0.0367284
 3.55469 0.005 0.0367284
 3.63281 0.005 0.0367284
 3.71094 0.005 0.0367284
 3.78906 0.005 0.0367284
 3.86719 0.005 0.0367284
 3.94531 0.005 0.0367284
 4.02344 0.005 0.0367284
 4.10156 0.005 0.0367284
 4.17969 0.005 0.0367284
 4.25781 0.005 0.0367284
 4.33594 0.005 0.0367284
 4.41406 0.005 0.0367284
 4.49219 0.005 0.0367284
 4.57031 0.005 0.0367284
 4.64844 0.005 0.0367284
 4.72656 0.005 0.0367284
 4.80469 0.005 0.0367284
 4.88281 0.005 0.0367284
 4.96094 0.005 0.0367284
 5.03906 0.005 0.0367284
 5.11719 0.005 0.0367284
 5.19531 0.005 0.0367284
 5.27344 0.005 0.0367284
 5.35156 0.005 0.0367284
 5.42969 0.005 0.0367284
 5.50781 0.005 0.0367284
 5.58594 0.005 0.0367284
 5.66406 0.005 0.0367284
 5.74219 0.005 0.0367284
 5.82031 0.005 0.0367284
 5.89844 0.005 0.0367284
 5.97656 0.005 0.0367284
 6.05469 0.005 0.0367284
 6.13281 0.005 0.0367284
 6.21094 0.005 0.0367284
 6.28906 0.005 0.0367284
 6.36719 0.005 0.0367284
 6.44531 0.005 0.0367284
 6.52344 0.005 0.0367284
 6.60156 0.005 0.0367284
 6.67969 0.005 0.0367284
 6.75781 0.005 0.0367284
 6.83594 0.005 0.0367284
 6.91406 0.005 0.0367284
 6.99219 0.005 0.0367284
 7.07031 0.005 0.0367284
 7.14844 0.005 0.0367284
 7.22656 0.005 0.0367284
 7.30469 0.005 0.0367284
 7.38281 0.005 0.0367284
 7.46094 0.005 0.0367284
 7.53906 0.005 0.0367284
 7.61719 0.005 0.0367284
 7.69531 0.005 0.0367284
 7.77344 0.005 0.0367284
 7.85156 0.005 0.0367284
 7.92969 0.005 0.0367284
 8.00781 0.005 0.0367284
 8.08594 0.005 0.0367284
 8.16406 0.005 0.0367284
 8.24219 0.005 0.0367284
 8.32031 0.005 0.0367284
 8.39844 0.005 0.0367284
 8.47656 0.005 0.0367284
 8.55469 0.005 0.0367284
 8.63281 0.005 0.0367284
 8.71094 0.005 0.0367284
 8.78906 0.005 0.0367284
 8.86719 0.005 0.0367284
 8.94531 0.005 0.0367284
 9.02344 0.005 0.0367284
 9.10156 0.005 0.0367284
 9.17969 0.005 0.0367284
 9.25781 0.005 0.0367284
 9.33594 0.005 0.0367284
 9.41406 0.005 0.0367284
 9.49219 0.005 0.0367284
 9.57031 0.005 0.0367284
 9.64844 0.005 0.0367284
 9.72656 0.005 0.0367284
 9.80469 0.005 0.0367284
 9.88281 0.005 0.0367284
 9.96094 0.005 0.0367284
 0.0390625 0.005 0.0523302
 0.117188 0.005 0.0523302
 0.195312 0.005 0.0523302
 0.273438 0.005 0.0523302
 0.351562 0.005 0.0523302
 0.429687 0.005 0.0523302
 0.507812 0.005 0.0523302
 0.585937 0.005 0.0523302
 0.664062 0.005 0.0523302
 0.742187 0.005 0.0523302
 0.820312 0.005 0.0523302
 0.898438 0.005 0.0523302
 0.976562 0.005 0.0523302
 1.05469 0.005 0.0523302
 1.13281 0.005 0.0523302
 1.21094 0.005 0.0523302
 1.28906 0.005 0.0523302
 1.36719 0.005 0.0523302
 1.44531 0.005 0.0523302
 1.52344 0.005 0.0523302
 1.60156 0.005 0.0523302
 1.67969 0.005 0.0523302
 1.75781 0.005 0.0523302
 1.83594 0.005 0.0523302
 1.91406 0.005 0.0523302
 1.99219 0.005 0.0523302
 2.07031 0.005 0.0523302
 2.14844 0.005 0.0523302
 2.22656 0.005 0.0523302
 2.30469 0.005 0.0523302
 2.38281 0.005 0.0523302
 2.46094 0.005 0.0523302
 2.53906 0.005 0.0523302
 2.61719 0.005 0.0523302
 2.69531 0.005 0.0523302
 2.77344 0.005 0.0523302
 2.85156 0.005 0.0523302
 2.92969 0.005 0.0523302
 3.00781 0.005 0.0523302
 3.08594 0.005 0.0523302
 3.16406 0.005 0.0523302
 3.24219 0.005 0.0523302
 3.32031 0.005 0.0523302
 3.39844 0.005 0.0523302
 3.47656 0.005 0.0523302
 3.55469 0.005 0.0523302
 3.63281 0.005 0.0523302
 3.71094 0.005 0.0523302
 3.78906 0.005 0.0523302
 3.86719 0.005 0.0523302
 3.94531 0.005 0.0523302
 4.02344 0.005 0.0523302
 4.10156 0.005 0.0523302
 4.17969 0.005 0.0523302
 4.25781 0.005 0.0523302
 4.33594 0.005 0.0523302
 4.41406 0.005 0.0523302
 4.49219 0.005 0.0523302
 4.57031 0.005 0.0523302
 4.64844 0.005 0.0523302
 4.72656 0.005 0.0523302
 4.80469 0.005 0.0523302
 4.88281 0.005 0.0523302
 4.96094 0.005 0.0523302
 5.03906 0.005 0.0523302
 5.11719 0.005 0.0523302
 5.19531 0.005 0.0523302
 5.27344 0.005 0.0523302
 5.35156 0.005 0.0523302
 5.42969 0.005 0.0523302
 5.50781 0.005 0.0523302
 5.58594 0.005 0.0523302
 5.66406 0.005 0.0523302
 5.74219 0.005 0.0523302
 5.82031 0.005 0.0523302
 5.89844 0.005 0.0523302
 5.97656 0.005 0.0523302
 6.05469 0.005 0.0523302
 6.13281 0.005 0.0523302
 6.21094 0.005 0.0523302
 6.28906 0.005 0.0523302
 6.36719 0.005 0.0523302
 6.44531 0.005 0.0523302
 6.52344 0.005 0.0523302
 6.60156 0.005 0.0523302
 6.67969 0.005 0.0523302
 6.75781 0.005 0.0523302
 6.83594 0.005 0.0523302
 6.91406 0.005 0.0523302
 6.99219 0.005 0.0523302
 7.07031 0.005 0.0523302
 7.14844 0.005 0.0523302
 7.22656 0.005 0.0523302
 7.30469 0.005 0.0523302
 7.38281 0.005 0.0523302
 7.46094 0.005 0.0523302
 7.53906 0.005 0.0523302
 7.61719 0.005 0.0523302
 7.69531 0.005 0.0523302
 7.77344 0.005 0.0523302
 7.85156 0.005 0.0523302
 7.92969 0.005 0.0523302
 8.00781 0.005 0.0523302
 8.08594 0.005 0.0523302
 8.16406 0.005 0.0523302
 8.24219 0.005 0.0523302
 8.32031 0.005 0.0523302
 8.39844 0.005 0.0523302
 8.47656 0.005 0.0523302
 8.55469 0.005 0.0523302
 8.63281 0.005 0.0523302
 8.71094 0.005 0.0523302
 8.78906 0.005 0.0523302
 8.86719 0.005 0.0523302
 8.94531 0.005 0.0523302
 9.02344 0.005 0.0523302
 9.10156 0.005 0.0523302
 9.17969 0.005 0.0523302
 9.25781 0.005 0.0523302
 9.33594 0.005 0.0523302
 9.41406 0.005 0.0523302
 9.49219 0.005 0.0523302
 9.57031 0.005 0.0523302
 9.64844 0.005 0.0523302
 9.72656 0.005 0.0523302
 9.80469 0.005 0.0523302
 9.88281 0.005 0.0523302
 9.96094 0.005 0.0523302
 0.0390625 0.005 0.0724807
 0.117188 0.005 0.0724807
 0.195312 0.005 0.0724807
 0.273438 0.005 0.0724807
 0.351562 0.005 0.0724807
 0.429687 0.005 0.0724807
 0.507812 0.005 0.0724807
 0.585937 0.005 0.0724807
 0.664062 0.005 0.0724807
 0.742188 0.005 0.0724807
 0.820313 0.005 0.0724807
 0.898438 0.005 0.0724807
 0.976562 0.005 0.0724807
 1.05469 0.005 0.0724807
 1.13281 0.005 0.0724807
 1.21094 0.005 0.0724807
 1.28906 0.005 0.0724807
 1.36719 0.005 0.0724807
 1.44531 0.005 0.0724807
 1.52344 0.005 0.0724807
 1.60156 0.005 0.0724807
 1.67969 0.005 0.0724807
 1.75781 0.005 0.0724807
 1.83594 0.005 0.0724807
 1.91406 0.005 0.0724807
 1.99219 0.005 0.0724807
 2.07031 0.005 0.0724807
 2.14844 0.005 0.0724807
 2.22656 0.005 0.0724807
 2.30469 0.005 0.0724807
 2.38281 0.005 0.0724807
 2.46094 0.005 0.0724807
 2.53906 0.005 0.0724807
 2.61719 0.005 0.0724807
 2.69531 0.005 0.0724807
 2.77344 0.005 0.0724807
 2.85156 0.005 0.0724807
 2.92969 0.005 0.0724807
 3.00781 0.005 0.0724807
 3.08594 0.005 0.0724807
 3.16406 0.005 0.0724807
 3.24219 0.005 0.0724807
 3.32031 0.005 0.0724807
 3.39844 0.005 0.0724807
 3.47656 0.005 0.0724807
 3.55469 0.005 0.0724807
 3.63281 0.005 0.0724807
 3.71094 0.005 0.0724807
 3.78906 0.005 0.0724807
 3.86719 0.005 0.0724807
 3.94531 0.005 0.0724807
 4.02344 0.005 0.0724807
 4.10156 0.005 0.0724807
 4.17969 0.005 0.0724807
 4.25781 0.005 0.0724807
 4.33594 0.005 0.0724807
 4.41406 0.005 0.0724807
 4.49219 0.005 0.0724807
 4.57031 0.005 0.0724807
 4.64844 0.005 0.0724807
 4.72656 0.005 0.0724807
 4.80469 0.005 0.0724807
 4.88281 0.005 0.0724807
 4.96094 0.005 0.0724807
 5.03906 0.005 0.0724807
 5.11719 0.005 0.0724807
 5.19531 0.005 0.0724807
 5.27344 0.005 0.0724807
 5.35156 0.005 0.0724807
 5.42969 0.005 0.0724807
 5.50781 0.005 0.0724807
 5.58594 0.005 0.0724807
 5.66406 0.005 0.0724807
 5.74219 0.005 0.0724807
 5.82031 0.005 0.0724807
 5.89844 0.005 0.0724807
 5.97656 0.005 0.0724807
 6.05469 0.005 0.0724807
 6.13281 0.005 0.0724807
 6.21094 0.005 0.0724807
 6.28906 0.005 0.0724807
 6.36719 0.005 0.0724807
 6.44531 0.005 0.0724807
 6.52344 0.005 0.0724807
 6.60156 0.005 0.0724807
 6.67969 0.005 0.0724807
 6.75781 0.005 0.0724807
 6.83594 0.005 0.0724807
 6.91406 0.005 0.0724807
 6.99219 0.005 0.0724807
 7.07031 0.005 0.0724807
 7.14844 0.005 0.0724807
 7.22656 0.005 0.0724807
 7.30469 0.005 0.0724807
 7.38281 0.005 0.0724807
 7.46094 0.005 0.0724807
 7.53906 0.005 0.0724807
 7.61719 0.005 0.0724807
 7.69531 0.005 0.0724807
 7.77344 0.005 0.0724807
 7.85156 0.005 0.0724807
 7.92969 0.005 0.0724807
 8.00781 0.005 0.0724807
 8.08594 0.005 0.0724807
 8.16406 0.005 0.0724807
 8.24219 0.005 0.0724807
 8.32031 0.005 0.0724807
 8.39844 0.005 0.0724807
 8.47656 0.005 0.0724807
 8.55469 0.005 0.0724807
 8.63281 0.005 0.0724807
 8.71094 0.005 0.0724807
 8.78906 0.005 0.0724807
 8.86719 0.005 0.0724807
 8.94531 0.005 0.0724807
 9.02344 0.005 0.0724807
 9.10156 0.005 0.0724807
 9.17969 0.005 0.0724807
 9.25781 0.005 0.0724807
 9.33594 0.005 0.0724807
 9.41406 0.005 0.0724807
 9.49219 0.005 0.0724807
 9.57031 0.005 0.0724807
 9.64844 0.005 0.0724807
 9.72656 0.005 0.0724807
 9.80469 0.005 0.0724807
 9.88281 0.005 0.0724807
 9.96094 0.005 0.0724807
 0.0390625 0.005 0.098506
 0.117188 0.005 0.098506
 0.195312 0.005 0.098506
 0.273437 0.005 0.098506
 0.351562 0.005 0.098506
 0.429687 0.005 0.098506
 0.507812 0.005 0.098506
 0.585937 0.005 0.098506
 0.664062 0.005 0.098506
 0.742187 0.005 0.098506
 0.820312 0.005 0.098506
 0.898437 0.005 0.098506
 0.976563 0.005 0.098506
 1.05469 0.005 0.098506
 1.13281 0.005 0.098506
 1.21094 0.005 0.098506
 1.28906 0.005 0.098506
 1.36719 0.005 0.098506
 1.44531 0.005 0.098506
 1.52344 0.005 0.098506
 1.60156 0.005 0.098506
 1.67969 0.005 0.098506
 1.75781 0.005 0.098506
 1.83594 0.005 0.098506
 1.91406 0.005 0.098506
 1.99219 0.005 0.098506
 2.07031 0.005 0.098506
 2.14844 0.005 0.098506
 2.22656 0.005 0.098506
 2.30469 0.005 0.098506
 2.38281 0.005 0.098506
 2.46094 0.005 0.098506
 2.53906 0.005 0.098506
 2.61719 0.005 0.098506
 2.69531 0.005 0.098506
 2.77344 0.005 0.098506
 2.85156 0.005 0.098506
 2.92969 0.005 0.098506
 3.00781 0.005 0.098506
 3.08594 0.005 0.098506
 3.16406 0.005 0.098506
 3.24219 0.005 0.098506
 3.32031 0.005 0.098506
 3.39844 0.005 0.098506
 3.47656 0.005 0.098506
 3.55469 0.005 0.098506
 3.63281 0.005 0.098506
 3.71094 0.005 0.098506
 3.78906 0.005 0.098506
 3.86719 0.005 0.098506
 3.94531 0.005 0.098506
 4.02344 0.005 0.098506
 4.10156 0.005 0.098506
 4.17969 0.005 0.098506
 4.25781 0.005 0.098506
 4.33594 0.005 0.098506
 4.41406 0.005 0.098506
 4.49219 0.005 0.098506
 4.57031 0.005 0.098506
 4.64844 0.005 0.098506
 4.72656 0.005 0.098506
 4.80469 0.005 0.098506
 4.88281 0.005 0.098506
 4.96094 0.005 0.098506
 5.03906 0.005 0.098506
 5.11719 0.005 0.098506
 5.19531 0.005 0.098506
 5.27344 0.005 0.098506
 5.35156 0.005 0.098506
 5.42969 0.005 0.098506
 5.50781 0.005 0.098506
 5.58594 0.005 0.098506
 5.66406 0.005 0.098506
 5.74219 0.005 0.098506
 5.82031 0.005 0.098506
 5.89844 0.005 0.098506
 5.97656 0.005 0.098506
 6.05469 0.005 0.098506
 6.13281 0.005 0.098506
 6.21094 0.005 0.098506
 6.28906 0.005 0.098506
 6.36719 0.005 0.098506
 6.44531 0.005 0.098506
 6.52344 0.005 0.098506
 6.60156 0.005 0.098506
 6.67969 0.005 0.098506
 6.75781 0.005 0.098506
 6.83594 0.005 0.098506
 6.91406 0.005 0.098506
 6.99219 0.005 0.098506
 7.07031 0.005 0.098506
 7.14844 0.005 0.098506
 7.22656 0.005 0.098506
 7.30469 0.005 0.098506
 7.38281 0.005 0.098506
 7.46094 0.005 0.098506
 7.53906 0.005 0.098506
 7.61719 0.005 0.098506
 7.69531 0.005 0.098506
 7.77344 0.005 0.098506
 7.85156 0.005 0.098506
 7.92969 0.005 0.098506
 8.00781 0.005 0.098506
 8.08594 0.005 0.098506
 8.16406 0.005 0.098506
 8.24219 0.005 0.098506
 8.32031 0.005 0.098506
 8.39844 0.005 0.098506
 8.47656 0.005 0.098506
 8.55469 0.005 0.098506
 8.63281 0.005 0.098506
 8.71094 0.005 0.098506
 8.78906 0.005 0.098506
 8.86719 0.005 0.098506
 8.94531 0.005 0.098506
 9.02344 0.005 0.098506
 9.10156 0.005 0.098506
 9.17969 0.005 0.098506
 9.25781 0.005 0.098506
 9.33594 0.005 0.098506
 9.41406 0.005 0.098506
 9.49219 0.005 0.098506
 9.57031 0.005 0.098506
 9.64844 0.005 0.098506
 9.72656 0.005 0.098506
 9.80469 0.005 0.098506
 9.88281 0.005 0.098506
 9.96094 0.005 0.098506
 0.0390625 0.005 0.132119
 0.117187 0.005 0.132119
 0.195312 0.005 0.132119
 0.273438 0.005 0.132119
 0.351562 0.005 0.132119
 0.429688 0.005 0.132119
 0.507812 0.005 0.132119
 0.585938 0.005 0.132119
 0.664062 0.005 0.132119
 0.742188 0.005 0.132119
 0.820313 0.005 0.132119
 0.898438 0.005 0.132119
 0.976562 0.005 0.132119
 1.05469 0.005 0.132119
 1.13281 0.005 0.132119
 1.21094 0.005 0.132119
 1.28906 0.005 0.132119
 1.36719 0.005 0.132119
 1.44531 0.005 0.132119
 1.52344 0.005 0.132119
 1.60156 0.005 0.132119
 1.67969 0.005 0.132119
 1.75781 0.005 0.132119
 1.83594 0.005 0.132119
 1.91406 0.005 0.132119
 1.99219 0.005 0.132119
 2.07031 0.005 0.132119
 2.14844 0.005 0.132119
 2.22656 0.005 0.132119
 2.30469 0.005 0.132119
 2.38281 0.005 0.132119
 2.46094 0.005 0.132119
 2.53906 0.005 0.132119
 2.61719 0.005 0.132119
 2.69531 0.005 0.132119
 2.77344 0.005 0.132119
 2.85156 0.005 0.132119
 2.92969 0.005 0.132119
 3.00781 0.005 0.132119
 3.08594 0.005 0.132119
 3.16406 0.005 0.132119
 3.24219 0.005 0.132119
 3.32031 0.005 0.132119
 3.39844 0.005 0.132119
 3.47656 0.005 0.132119
 3.55469 0.005 0.132119
 3.63281 0.005 0.132119
 3.71094 0.005 0.132119
 3.78906 0.005 0.132119
 3.86719 0.005 0.132119
 3.94531 0.005 0.132119
 4.02344 0.005 0.132119
 4.10156 0.005 0.132119
 4.17969 0.005 0.132119
 4.25781 0.005 0.132119
 4.33594 0.005 0.132119
 4.41406 0.005 0.132119
 4.49219 0.005 0.132119
 4.57031 0.005 0.132119
 4.64844 0.005 0.132119
 4.72656 0.005 0.132119
 4.80469 0.005 0.132119
 4.88281 0.005 0.132119
 4.96094 0.005 0.132119
 5.03906 0.005 0.132119
 5.11719 0.005 0.132119
 5.19531 0.005 0.132119
 5.27344 0.005 0.132119
 5.35156 0.005 0.132119
 5.42969 0.005 0.132119
 5.50781 0.005 0.132119
 5.58594 0.005 0.132119
 5.66406 0.005 0.132119
 5.74219 0.005 0.132119
 5.82031 0.005 0.132119
 5.89844 0.005 0.132119
 5.97656 0.005 0.132119
 6.05469 0.005 0.132119
 6.13281 0.005 0.132119
 6.21094 0.005 0.132119
 6.28906 0.005 0.132119
 6.36719 0.005 0.132119
 6.44531 0.005 0.132119
 6.52344 0.005 0.132119
 6.60156 0.005 0.132119
 6.67969 0.005 0.132119
 6.75781 0.005 0.132119
 6.83594 0.005 0.132119
 6.91406 0.005 0.132119
 6.99219 0.005 0.132119
 7.07031 0.005 0.132119
 7.14844 0.005 0.132119
 7.22656 0.005 0.132119
 7.30469 0.005 0.132119
 7.38281 0.005 0.132119
 7.46094 0.005 0.132119
 7.53906 0.005 0.132119
 7.61719 0.005 0.132119
 7.69531 0.005 0.132119
 7.77344 0.005 0.132119
 7.85156 0.005 0.132119
 7.92969 0.005 0.132119
 8.00781 0.005 0.132119
 8.08594 0.005 0.132119
 8.16406 0.005 0.132119
 8.24219 0.005 0.132119
 8.32031 0.005 0.132119
 8.39844 0.005 0.132119
 8.47656 0.005 0.132119
 8.55469 0.005 0.132119
 8.63281 0.005 0.132119
 8.71094 0.005 0.132119
 8.78906 0.005 0.132119
 8.86719 0.005 0.132119
 8.94531 0.005 0.132119
 9.02344 0.005 0.132119
 9.10156 0.005 0.132119
 9.17969 0.005 0.132119
 9.25781 0.005 0.132119
 9.33594 0.005 0.132119
 9.41406 0.005 0.132119
 9.49219 0.005 0.132119
 9.57031 0.005 0.132119
 9.64844 0.005 0.132119
 9.72656 0.005 0.132119
 9.80469 0.005 0.132119
 9.88281 0.005 0.132119
 9.96094 0.005 0.132119
 0.0390625 0.005 0.175532
 0.117188 0.005 0.175532
 0.195312 0.005 0.175532
 0.273437 0.005 0.175532
 0.351562 0.005 0.175532
 0.429688 0.005 0.175532
 0.507812 0.005 0.175532
 0.585937 0.005 0.175532
 0.664062 0.005 0.175532
 0.742188 0.005 0.175532
 0.820312 0.005 0.175532
 0.898437 0.005 0.175532
 0.976562 0.005 0.175532
 1.05469 0.005 0.175532
 1.13281 0.005 0.175532
 1.21094 0.005 0.175532
 1.28906 0.005 0.175532
 1.36719 0.005 0.175532
 1.44531 0.005 0.175532
 1.52344 0.005 0.175532
 1.60156 0.005 0.175532
 1.67969 0.005 0.175532
 1.75781 0.005 0.175532
 1.83594 0.005 0.175532
 1.91406 0.005 0.175532
 1.99219 0.005 0.175532
 2.07031 0.005 0.175532
 2.14844 0.005 0.175532
 2.22656 0.005 0.175532
 2.30469 0.005 0.175532
 2.38281 0.005 0.175532
 2.46094 0.005 0.175532
 2.53906 0.005 0.175532
 2.61719 0.005 0.175532
 2.69531 0.005 0.175532
 2.77344 0.005 0.175532
 2.85156 0.005 0.175532
 2.92969 0.005 0.175532
 3.00781 0.005 0.175532
 3.08594 0.005 0.175532
 3.16406 0.005 0.175532
 3.24219 0.005 0.175532
 3.32031 0.005 0.175532
 3.39844 0.005 0.175532
 3.47656 0.005 0.175532
 3.55469 0.005 0.175532
 3.63281 0.005 0.175532
 3.71094 0.005 0.175532
 3.78906 0.005 0.175532
 3.86719 0.005 0.175532
 3.94531 0.005 0.175532
 4.02344 0.005 0.175532
 4.10156 0.005 0.175532
 4.17969 0.005 0.175532
 4.25781 0.005 0.175532
 4.33594 0.005 0.175532
 4.41406 0.005 0.175532
 4.49219 0.005 0.175532
 4.57031 0.005 0.175532
 4.64844 0.005 0.175532
 4.72656 0.005 0.175532
 4.80469 0.005 0.175532
 4.88281 0.005 0.175532
 4.96094 0.005 0.175532
 5.03906 0.005 0.175532
 5.11719 0.005 0.175532
 5.19531 0.005 0.175532
 5.27344 0.005 0.175532
 5.35156 0.005 0.175532
 5.42969 0.005 0.175532
 5.50781 0.005 0.175532
 5.58594 0.005 0.175532
 5.66406 0.005 0.175532
 5.74219 0.005 0.175532
 5.82031 0.005 0.175532
 5.89844 0.005 0.175532
 5.97656 0.005 0.175532
 6.05469 0.005 0.175532
 6.13281 0.005 0.175532
 6.21094 0.005 0.175532
 6.28906 0.005 0.175532
 6.36719 0.005 0.175532
 6.44531 0.005 0.175532
 6.52344 0.005 0.175532
 6.60156 0.005 0.175532
 6.67969 0.005 0.175532
 6.75781 0.005 0.175532
 6.83594 0.005 0.175532
 6.91406 0.005 0.175532
 6.99219 0.005 0.175532
 7.07031 0.005 0.175532
 7.14844 0.005 0.175532
 7.22656 0.005 0.175532
 7.30469 0.005 0.175532
 7.38281 0.005 0.175532
 7.46094 0.005 0.175532
 7.53906 0.005 0.175532
 7.61719 0.005 0.175532
 7.69531 0.005 0.175532
 7.77344 0.005 0.175532
 7.85156 0.005 0.175532
 7.92969 0.005 0.175532
 8.00781 0.005 0.175532
 8.08594 0.005 0.175532
 8.16406 0.005 0.175532
 8.24219 0.005 0.175532
 8.32031 0.005 0.175532
 8.39844 0.005 0.175532
 8.47656 0.005 0.175532
 8.55469 0.005 0.175532
 8.63281 0.005 0.175532
 8.71094 0.005 0.175532
 8.78906 0.005 0.175532
 8.86719 0.005 0.175532
 8.94531 0.005 0.175532
 9.02344 0.005 0.175532
 9.10156 0.005 0.175532
 9.17969 0.005 0.175532
 9.25781 0.005 0.175532
 9.33594 0.005 0.175532
 9.41406 0.005 0.175532
 9.49219 0.005 0.175532
 9.57031 0.005 0.175532
 9.64844 0.005 0.175532
 9.72656 0.005 0.175532
 9.80469 0.005 0.175532
 9.88281 0.005 0.175532
 9.96094 0.005 0.175532
 0.0390625 0.005 0.225
 0.117187 0.005 0.225
 0.195312 0.005 0.225
 0.273438 0.005 0.225
 0.351562 0.005 0.225
 0.429688 0.005 0.225
 0.507812 0.005 0.225
 0.585937 0.005 0.225
 0.664062 0.005 0.225
 0.742187 0.005 0.225
 0.820312 0.005 0.225
 0.898437 0.005 0.225
 0.976562 0.005 0.225
 1.05469 0.005 0.225
 1.13281 0.005 0.225
 1.21094 0.005 0.225
 1.28906 0.005 0.225
 1.36719 0.005 0.225
 1.44531 0.005 0.225
 1.52344 0.005 0.225
 1.60156 0.005 0.225
 1.67969 0.005 0.225
 1.75781 0.005 0.225
 1.83594 0.005 0.225
 1.91406 0.005 0.225
 1.99219 0.005 0.225
 2.07031 0.005 0.225
 2.14844 0.005 0.225
 2.22656 0.005 0.225
 2.30469 0.005 0.225
 2.38281 0.005 0.225
 2.46094 0.005 0.225
 2.53906 0.005 0.225
 2.61719 0.005 0.225
 2.69531 0.005 0.225
 2.77344 0.005 0.225
 2.85156 0.005 0.225
 2.92969 0.005 0.225
 3.00781 0.005 0.225
 3.08594 0.005 0.225
 3.16406 0.005 0.225
 3.24219 0.005 0.225
 3.32031 0.005 0.225
 3.39844 0.005 0.225
 3.47656 0.005 0.225
 3.55469 0.005 0.225
 3.63281 0.005 0.225
 3.71094 0.005 0.225
 3.78906 0.005 0.225
 3.86719 0.005 0.225
 3.94531 0.005 0.225
 4.02344 0.005 0.225
 4.10156 0.005 0.225
 4.17969 0.005 0.225
 4.25781 0.005 0.225
 4.33594 0.005 0.225
 4.41406 0.005 0.225
 4.49219 0.005 0.225
 4.57031 0.005 0.225
 4.64844 0.005 0.225
 4.72656 0.005 0.225
 4.80469 0.005 0.225
 4.88281 0.005 0.225
 4.96094 0.005 0.225
 5.03906 0.005 0.225
 5.11719 0.005 0.225
 5.19531 0.005 0.225
 5.27344 0.005 0.225
 5.35156 0.005 0.225
 5.42969 0.005 0.225
 5.50781 0.005 0.225
 5.58594 0.005 0.225
 5.66406 0.005 0.225
 5.74219 0.005 0.225
 5.82031 0.005 0.225
 5.89844 0.005 0.225
 5.97656 0.005 0.225
 6.05469 0.005 0.225
 6.13281 0.005 0.225
 6.21094 0.005 0.225
 6.28906 0.005 0.225
 6.36719 0.005 0.225
 6.44531 0.005 0.225
 6.52344 0.005 0.225
 6.60156 0.005 0.225
 6.67969 0.005 0.225
 6.75781 0.005 0.225
 6.83594 0.005 0.225
 6.91406 0.005 0.225
 6.99219 0.005 0.225
 7.07031 0.005 0.225
 7.14844 0.005 0.225
 7.22656 0.005 0.225
 7.30469 0.005 0.225
 7.38281 0.005 0.225
 7.46094 0.005 0.225
 7.53906 0.005 0.225
 7.61719 0.005 0.225
 7.69531 0.005 0.225
 7.77344 0.005 0.225
 7.85156 0.005 0.225
 7.92969 0.005 0.225
 8.00781 0.005 0.225
 8.08594 0.005 0.225
 8.16406 0.005 0.225
 8.24219 0.005 0.225
 8.32031 0.005 0.225
 8.39844 0.005 0.225
 8.47656 0.005 0.225
 8.55469 0.005 0.225
 8.63281 0.005 0.225
 8.71094 0.005 0.225
 8.78906 0.005 0.225
 8.86719 0.005 0.225
 8.94531 0.005 0.225
 9.02344 0.005 0.225
 9.10156 0.005 0.225
 9.17969 0.005 0.225
 9.25781 0.005 0.225
 9.33594 0.005 0.225
 9.41406 0.005 0.225
 9.49219 0.005 0.225
 9.57031 0.005 0.225
 9.64844 0.005 0.225
 9.72656 0.005 0.225
 9.80469 0.005 0.225
 9.88281 0.005 0.225
 9.96094 0.005 0.225
 0.0390625 0.005 0.275
 0.117188 0.005 0.275
 0.195312 0.005 0.275
 0.273438 0.005 0.275
 0.351562 0.005 0.275
 0.429687 0.005 0.275
 0.507812 0.005 0.275
 0.585938 0.005 0.275
 0.664062 0.005 0.275
 0.742188 0.005 0.275
 0.820312 0.005 0.275
 0.898438 0.005 0.275
 0.976562 0.005 0.275
 1.05469 0.005 0.275
 1.13281 0.005 0.275
 1.21094 0.005 0.275
 1.28906 0.005 0.275
 1.36719 0.005 0.275
 1.44531 0.005 0.275
 1.52344 0.005 0.275
 1.60156 0.005 0.275
 1.67969 0.005 0.275
 1.75781 0.005 0.275
 1.83594 0.005 0.275
 1.91406 0.005 0.275
 1.99219 0.005 0.275
 2.07031 0.005 0.275
 2.14844 0.005 0.275
 2.22656 0.005 0.275
 2.30469 0.005 0.275
 2.38281 0.005 0.275
 2.46094 0.005 0.275
 2.53906 0.005 0.275
 2.61719 0.005 0.275
 2.69531 0.005 0.275
 2.77344 0.005 0.275
 2.85156 0.005 0.275
 2.92969 0.005 0.275
 3.00781 0.005 0.275
 3.08594 0.005 0.275
 3.16406 0.005 0.275
 3.24219 0.005 0.275
 3.32031 0.005 0.275
 3.39844 0.005 0.275
 3.47656 0.005 0.275
 3.55469 0.005 0.275
 3.63281 0.005 0.275
 3.71094 0.005 0.275
 3.78906 0.005 0.275
 3.86719 0.005 0.275
 3.94531 0.005 0.275
 4.02344 0.005 0.275
 4.10156 0.005 0.275
 4.17969 0.005 0.275
 4.25781 0.005 0.275
 4.33594 0.005 0.275
 4.41406 0.005 0.275
 4.49219 0.005 0.275
 4.57031 0.005 0.275
 4.64844 0.005 0.275
 4.72656 0.005 0.275
 4.80469 0.005 0.275
 4.88281 0.005 0.275
 4.96094 0.005 0.275
 5.03906 0.005 0.275
 5.11719 0.005 0.275
 5.19531 0.005 0.275
 5.27344 0.005 0.275
 5.35156 0.005 0.275
 5.42969 0.005 0.275
 5.50781 0.005 0.275
 5.58594 0.005 0.275
 5.66406 0.005 0.275
 5.74219 0.005 0.275
 5.82031 0.005 0.275
 5.89844 0.005 0.275
 5.97656 0.005 0.275
 6.05469 0.005 0.275
 6.13281 0.005 0.275
 6.21094 0.005 0.275
 6.28906 0.005 0.275
 6.36719 0.005 0.275
 6.44531 0.005 0.275
 6.52344 0.005 0.275
 6.60156 0.005 0.275
 6.67969 0.005 0.275
 6.75781 0.005 0.275
 6.83594 0.005 0.275
 6.91406 0.005 0.275
 6.99219 0.005 0.275
 7.07031 0.005 0.275
 7.14844 0.005 0.275
 7.22656 0.005 0.275
 7.30469 0.005 0.275
 7.38281 0.005 0.275
 7.46094 0.005 0.275
 7.53906 0.005 0.275
 7.61719 0.005 0.275
 7.69531 0.005 0.275
 7.77344 0.005 0.275
 7.85156 0.005 0.275
 7.92969 0.005 0.275
 8.00781 0.005 0.275
 8.08594 0.005 0.275
 8.16406 0.005 0.275
 8.24219 0.005 0.275
 8.32031 0.005 0.275
 8.39844 0.005 0.275
 8.47656 0.005 0.275
 8.55469 0.005 0.275
 8.63281 0.005 0.275
 8.71094 0.005 0.275
 8.78906 0.005 0.275
 8.86719 0.005 0.275
 8.94531 0.005 0.275
 9.02344 0.005 0.275
 9.10156 0.005 0.275
 9.17969 0.005 0.275
 9.25781 0.005 0.275
 9.33594 0.005 0.275
 9.41406 0.005 0.275
 9.49219 0.005 0.275
 9.57031 0.005 0.275
 9.64844 0.005 0.275
 9.72656 0.005 0.275
 9.80469 0.005 0.275
 9.88281 0.005 0.275
 9.96094 0.005 0.275
 0.0390625 0.005 0.325
 0.117187 0.005 0.325
 0.195312 0.005 0.325
 0.273438 0.005 0.325
 0.351562 0.005 0.325
 0.429687 0.005 0.325
 0.507812 0.005 0.325
 0.585937 0.005 0.325
 0.664062 0.005 0.325
 0.742188 0.005 0.325
 0.820312 0.005 0.325
 0.898438 0.005 0.325
 0.976562 0.005 0.325
 1.05469 0.005 0.325
 1.13281 0.005 0.325
 1.21094 0.005 0.325
 1.28906 0.005 0.325
 1.36719 0.005 0.325
 1.44531 0.005 0.325
 1.52344 0.005 0.325
 1.60156 0.005 0.325
 1.67969 0.005 0.325
 1.75781 0.005 0.325
 1.83594 0.005 0.325
 1.91406 0.005 0.325
 1.99219 0.005 0.325
 2.07031 0.005 0.325
 2.14844 0.005 0.325
 2.22656 0.005 0.325
 2.30469 0.005 0.325
 2.38281 0.005 0.325
 2.46094 0.005 0.325
 2.53906 0.005 0.325
 2.61719 0.005 0.325
 2.69531 0.005 0.325
 2.77344 0.005 0.325
 2.85156 0.005 0.325
 2.92969 0.005 0.325
 3.00781 0.005 0.325
 3.08594 0.005 0.325
 3.16406 0.005 0.325
 3.24219 0.005 0.325
 3.32031 0.005 0.325
 3.39844 0.005 0.325
 3.47656 0.005 0.325
 3.55469 0.005 0.325
 3.63281 0.005 0.325
 3.71094 0.005 0.325
 3.78906 0.005 0.325
 3.86719 0.005 0.325
 3.94531 0.005 0.325
 4.02344 0.005 0.325
 4.10156 0.005 0.325
 4.17969 0.005 0.325
 4.25781 0.005 0.325
 4.33594 0.005 0.325
 4.41406 0.005 0.325
 4.49219 0.005 0.325
 4.57031 0.005 0.325
 4.64844 0.005 0.325
 4.72656 0.005 0.325
 4.80469 0.005 0.325
 4.88281 0.005 0.325
 4.96094 0.005 0.325
 5.03906 0.005 0.325
 5.11719 0.005 0.325
 5.19531 0.005 0.325
 5.27344 0.005 0.325
 5.35156 0.005 0.325
 5.42969 0.005 0.325
 5.50781 0.005 0.325
 5.58594 0.005 0.325
 5.66406 0.005 0.325
 5.74219 0.005 0.325
 5.82031 0.005 0.325
 5.89844 0.005 0.325
 5.97656 0.005 0.325
 6.05469 0.005 0.325
 6.13281 0.005 0.325
 6.21094 0.005 0.325
 6.28906 0.005 0.325
 6.36719 0.005 0.325
 6.44531 0.005 0.325
 6.52344 0.005 0.325
 6.60156 0.005 0.325
 6.67969 0.005 0.325
 6.75781 0.005 0.325
 6.83594 0.005 0.325
 6.91406 0.005 0.325
 6.99219 0.005 0.325
 7.07031 0.005 0.325
 7.14844 0.005 0.325
 7.22656 0.005 0.325
 7.30469 0.005 0.325
 7.38281 0.005 0.325
 7.46094 0.005 0.325
 7.53906 0.005 0.325
 7.61719 0.005 0.325
 7.69531 0.005 0.325
 7.77344 0.005 0.325
 7.85156 0.005 0.325
 7.92969 0.005 0.325
 8.00781 0.005 0.325
 8.08594 0.005 0.325
 8.16406 0.005 0.325
 8.24219 0.005 0.325
 8.32031 0.005 0.325
 8.39844 0.005 0.325
 8.47656 0.005 0.325
 8.55469 0.005 0.325
 8.63281 0.005 0.325
 8.71094 0.005 0.325
 8.78906 0.005 0.325
 8.86719 0.005 0.325
 8.94531 0.005 0.325
 9.02344 0.005 0.325
 9.10156 0.005 0.325
 9.17969 0.005 0.325
 9.25781 0.005 0.325
 9.33594 0.005 0.325
 9.41406 0.005 0.325
 9.49219 0.005 0.325
 9.57031 0.005 0.325
 9.64844 0.005 0.325
 9.72656 0.005 0.325
 9.80469 0.005 0.325
 9.88281 0.005 0.325
 9.96094 0.005 0.325
 0.0390625 0.005 0.375
 0.117188 0.005 0.375
 0.195312 0.005 0.375
 0.273438 0.005 0.375
 0.351562 0.005 0.375
 0.429688 0.005 0.375
 0.507813 0.005 0.375
 0.585937 0.005 0.375
 0.664062 0.005 0.375
 0.742188 0.005 0.375
 0.820312 0.005 0.375
 0.898437 0.005 0.375
 0.976562 0.005 0.375
 1.05469 0.005 0.375
 1.13281 0.005 0.375
 1.21094 0.005 0.375
 1.28906 0.005 0.375
 1.36719 0.005 0.375
 1.44531 0.005 0.375
 1.52344 0.005 0.375
 1.60156 0.005 0.375
 1.67969 0.005 0.375
 1.75781 0.005 0.375
 1.83594 0.005 0.375
 1.91406 0.005 0.375
 1.99219 0.005 0.375
 2.07031 0.005 0.375
 2.14844 0.005 0.375
 2.22656 0.005 0.375
 2.30469 0.005 0.375
 2.38281 0.005 0.375
 2.46094 0.005 0.375
 2.53906 0.005 0.375
 2.61719 0.005 0.375
 2.69531 0.005 0.375
 2.77344 0.005 0.375
 2.85156 0.005 0.375
 2.92969 0.005 0.375
 3.00781 0.005 0.375
 3.08594 0.005 0.375
 3.16406 0.005 0.375
 3.24219 0.005 0.375
 3.32031 0.005 0.375
 3.39844 0.005 0.375
 3.47656 0.005 0.375
 3.55469 0.005 0.375
 3.63281 0.005 0.375
 3.71094 0.005 0.375
 3.78906 0.005 0.375
 3.86719 0.005 0.375
 3.94531 0.005 0.375
 4.02344 0.005 0.375
 4.10156 0.005 0.375
 4.17969 0.005 0.375
 4.25781 0.005 0.375
 4.33594 0.005 0.375
 4.41406 0.005 0.375
 4.49219 0.005 0.375
 4.57031 0.005 0.375
 4.64844 0.005 0.375
 4.72656 0.005 0.375
 4.80469 0.005 0.375
 4.88281 0.005 0.375
 4.96094 0.005 0.375
 5.03906 0.005 0.375
 5.11719 0.005 0.375
 5.19531 0.005 0.375
 5.27344 0.005 0.375
 5.35156 0.005 0.375
 5.42969 0.005 0.375
 5.50781 0.005 0.375
 5.58594 0.005 0.375
 5.66406 0.005 0.375
 5.74219 0.005 0.375
 5.82031 0.005 0.375
 5.89844 0.005 0.375
 5.97656 0.005 0.375
 6.05469 0.005 0.375
 6.13281 0.005 0.375
 6.21094 0.005 0.375
 6.28906 0.005 0.375
 6.36719 0.005 0.375
 6.44531 0.005 0.375
 6.52344 0.005 0.375
 6.60156 0.005 0.375
 6.67969 0.005 0.375
 6.75781 0.005 0.375
 6.83594 0.005 0.375
 6.91406 0.005 0.375
 6.99219 0.005 0.375
 7.07031 0.005 0.375
 7.14844 0.005 0.375
 7.22656 0.005 0.375
 7.30469 0.005 0.375
 7.38281 0.005 0.375
 7.46094 0.005 0.375
 7.53906 0.005 0.375
 7.61719 0.005 0.375
 7.69531 0.005 0.375
 7.77344 0.005 0.375
 7.85156 0.005 0.375
 7.92969 0.005 0.375
 8.00781 0.005 0.375
 8.08594 0.005 0.375
 8.16406 0.005 0.375
 8.24219 0.005 0.375
 8.32031 0.005 0.375
 8.39844 0.005 0.375
 8.47656 0.005 0.375
 8.55469 0.005 0.375
 8.63281 0.005 0.375
 8.71094 0.005 0.375
 8.78906 0.005 0.375
 8.86719 0.005 0.375
 8.94531 0.005 0.375
 9.02344 0.005 0.375
 9.10156 0.005 0.375
 9.17969 0.005 0.375
 9.25781 0.005 0.375
 9.33594 0.005 0.375
 9.41406 0.005 0.375
 9.49219 0.005 0.375
 9.57031 0.005 0.375
 9.64844 0.005 0.375
 9.72656 0.005 0.375
 9.80469 0.005 0.375
 9.88281 0.005 0.375
 9.96094 0.005 0.375
 0.0390625 0.005 0.425
 0.117187 0.005 0.425
 0.195312 0.005 0.425
 0.273437 0.005 0.425
 0.351562 0.005 0.425
 0.429687 0.005 0.425
 0.507813 0.005 0.425
 0.585938 0.005 0.425
 0.664062 0.005 0.425
 0.742187 0.005 0.425
 0.820312 0.005 0.425
 0.898437 0.005 0.425
 0.976562 0.005 0.425
 1.05469 0.005 0.425
 1.13281 0.005 0.425
 1.21094 0.005 0.425
 1.28906 0.005 0.425
 1.36719 0.005 0.425
 1.44531 0.005 0.425
 1.52344 0.005 0.425
 1.60156 0.005 0.425
 1.67969 0.005 0.425
 1.75781 0.005 0.425
 1.83594 0.005 0.425
 1.91406 0.005 0.425
 1.99219 0.005 0.425
 2.07031 0.005 0.425
 2.14844 0.005 0.425
 2.22656 0.005 0.425
 2.30469 0.005 0.425
 2.38281 0.005 0.425
 2.46094 0.005 0.425
 2.53906 0.005 0.425
 2.61719 0.005 0.425
 2.69531 0.005 0.425
 2.77344 0.005 0.425
 2.85156 0.005 0.425
 2.92969 0.005 0.425
 3.00781 0.005 0.425
 3.08594 0.005 0.425
 3.16406 0.005 0.425
 3.24219 0.005 0.425
 3.32031 0.005 0.425
 3.39844 0.005 0.425
 3.47656 0.005 0.425
 3.55469 0.005 0.425
 3.63281 0.005 0.425
 3.71094 0.005 0.425
 3.78906 0.005 0.425
 3.86719 0.005 0.425
 3.94531 0.005 0.425
 4.02344 0.005 0.425
 4.10156 0.005 0.425
 4.17969 0.005 0.425
 4.25781 0.005 0.425
 4.33594 0.005 0.425
 4.41406 0.005 0.425
 4.49219 0.005 0.425
 4.57031 0.005 0.425
 4.64844 0.005 0.425
 4.72656 0.005 0.425
 4.80469 0.005 0.425
 4.88281 0.005 0.425
 4.96094 0.005 0.425
 5.03906 0.005 0.425
 5.11719 0.005 0.425
 5.19531 0.005 0.425
 5.27344 0.005 0.425
 5.35156 0.005 0.425
 5.42969 0.005 0.425
 5.50781 0.005 0.425
 5.58594 0.005 0.425
 5.66406 0.005 0.425
 5.74219 0.005 0.425
 5.82031 0.005 0.425
 5.89844 0.005 0.425
 5.97656 0.005 0.425
 6.05469 0.005 0.425
 6.13281 0.005 0.425
 6.21094 0.005 0.425
 6.28906 0.005 0.425
 6.36719 0.005 0.425
 6.44531 0.005 0.425
 6.52344 0.005 0.425
 6.60156 0.005 0.425
 6.67969 0.005 0.425
 6.75781 0.005 0.425
 6.83594 0.005 0.425
 6.91406 0.005 0.425
 6.99219 0.005 0.425
 7.07031 0.005 0.425
 7.14844 0.005 0.425
 7.22656 0.005 0.425
 7.30469 0.005 0.425
 7.38281 0.005 0.425
 7.46094 0.005 0.425
 7.53906 0.005 0.425
 7.61719 0.005 0.425
 7.69531 0.005 0.425
 7.77344 0.005 0.425
 7.85156 0.005 0.425
 7.92969 0.005 0.425
 8.00781 0.005 0.425
 8.08594 0.005 0.425
 8.16406 0.005 0.425
 8.24219 0.005 0.425
 8.32031 0.005 0.425
 8.39844 0.005 0.425
 8.47656 0.005 0.425
 8.55469 0.005 0.425
 8.63281 0.005 0.425
 8.71094 0.005 0.425
 8.78906 0.005 0.425
 8.86719 0.005 0.425
 8.94531 0.005 0.425
 9.02344 0.005 0.425
 9.10156 0.005 0.425
 9.17969 0.005 0.425
 9.25781 0.005 0.425
 9.33594 0.005 0.425
 9.41406 0.005 0.425
 9.49219 0.005 0.425
 9.57031 0.005 0.425
 9.64844 0.005 0.425
 9.72656 0.005 0.425
 9.80469 0.005 0.425
 9.88281 0.005 0.425
 9.96094 0.005 0.425
 0.0390625 0.005 0.475
 0.117188 0.005 0.475
 0.195312 0.005 0.475
 0.273438 0.005 0.475
 0.351562 0.005 0.475
 0.429687 0.005 0.475
 0.507812 0.005 0.475
 0.585937 0.005 0.475
 0.664062 0.005 0.475
 0.742188 0.005 0.475
 0.820312 0.005 0.475
 0.898437 0.005 0.475
 0.976563 0.005 0.475
 1.05469 0.005 0.475
 1.13281 0.005 0.475
 1.21094 0.005 0.475
 1.28906 0.005 0.475
 1.36719 0.005 0.475
 1.44531 0.005 0.475
 1.52344 0.005 0.475
 1.60156 0.005 0.475
 1.67969 0.005 0.475
 1.75781 0.005 0.475
 1.83594 0.005 0.475
 1.91406 0.005 0.475
 1.99219 0.005 0.475
 2.07031 0.005 0.475
 2.14844 0.005 0.475
 2.22656 0.005 0.475
 2.30469 0.005 0.475
 2.38281 0.005 0.475
 2.46094 0.005 0.475
 2.53906 0.005 0.475
 2.61719 0.005 0.475
 2.69531 0.005 0.475
 2.77344 0.005 0.475
 2.85156 0.005 0.475
 2.92969 0.005 0.475
 3.00781 0.005 0.475
 3.08594 0.005 0.475
 3.16406 0.005 0.475
 3.24219 0.005 0.475
 3.32031 0.005 0.475
 3.39844 0.005 0.475
 3.47656 0.005 0.475
 3.55469 0.005 0.475
 3.63281 0.005 0.475
 3.71094 0.005 0.475
 3.78906 0.005 0.475
 3.86719 0.005 0.475
 3.94531 0.005 0.475
 4.02344 0.005 0.475
 4.10156 0.005 0.475
 4.17969 0.005 0.475
 4.25781 0.005 0.475
 4.33594 0.005 0.475
 4.41406 0.005 0.475
 4.49219 0.005 0.475
 4.57031 0.005 0.475
 4.64844 0.005 0.475
 4.72656 0.005 0.475
 4.80469 0.005 0.475
 4.88281 0.005 0.475
 4.96094 0.005 0.475
 5.03906 0.005 0.475
 5.11719 0.005 0.475
 5.19531 0.005 0.475
 5.27344 0.005 0.475
 5.35156 0.005 0.475
 5.42969 0.005 0.475
 5.50781 0.005 0.475
 5.58594 0.005 0.475
 5.66406 0.005 0.475
 5.74219 0.005 0.475
 5.82031 0.005 0.475
 5.89844 0.005 0.475
 5.97656 0.005 0.475
 6.05469 0.005 0.475
 6.13281 0.005 0.475
 6.21094 0.005 0.475
 6.28906 0.005 0.475
 6.36719 0.005 0.475
 6.44531 0.005 0.475
 6.52344 0.005 0.475
 6.60156 0.005 0.475
 6.67969 0.005 0.475
 6.75781 0.005 0.475
 6.83594 0.005 0.475
 6.91406 0.005 0.475
 6.99219 0.005 0.475
 7.07031 0.005 0.475
 7.14844 0.005 0.475
 7.22656 0.005 0.475
 7.30469 0.005 0.475
 7.38281 0.005 0.475
 7.46094 0.005 0.475
 7.53906 0.005 0.475
 7.61719 0.005 0.475
 7.69531 0.005 0.475
 7.77344 0.005 0.475
 7.85156 0.005 0.475
 7.92969 0.005 0.475
 8.00781 0.005 0.475
 8.08594 0.005 0.475
 8.16406 0.005 0.475
 8.24219 0.005 0.475
 8.32031 0.005 0.475
 8.39844 0.005 0.475
 8.47656 0.005 0.475
 8.55469 0.005 0.475
 8.63281 0.005 0.475
 8.71094 0.005 0.475
 8.78906 0.005 0.475
 8.86719 0.005 0.475
 8.94531 0.005 0.475
 9.02344 0.005 0.475
 9.10156 0.005 0.475
 9.17969 0.005 0.475
 9.25781 0.005 0.475
 9.33594 0.005 0.475
 9.41406 0.005 0.475
 9.49219 0.005 0.475
 9.57031 0.005 0.475
 9.64844 0.005 0.475
 9.72656 0.005 0.475
 9.80469 0.005 0.475
 9.88281 0.005 0.475
 9.96094 0.005 0.475
 0.0390625 0.005 0.525
 0.117187 0.005 0.525
 0.195312 0.005 0.525
 0.273437 0.005 0.525
 0.351563 0.005 0.525
 0.429688 0.005 0.525
 0.507812 0.005 0.525
 0.585937 0.005 0.525
 0.664062 0.005 0.525
 0.742188 0.005 0.525
 0.820312 0.005 0.525
 0.898438 0.005 0.525
 0.976562 0.005 0.525
 1.05469 0.005 0.525
 1.13281 0.005 0.525
 1.21094 0.005 0.525
 1.28906 0.005 0.525
 1.36719 0.005 0.525
 1.44531 0.005 0.525
 1.52344 0.005 0.525
 1.60156 0.005 0.525
 1.67969 0.005 0.525
 1.75781 0.005 0.525
 1.83594 0.005 0.525
 1.91406 0.005 0.525
 1.99219 0.005 0.525
 2.07031 0.005 0.525
 2.14844 0.005 0.525
 2.22656 0.005 0.525
 2.30469 0.005 0.525
 2.38281 0.005 0.525
 2.46094 0.005 0.525
 2.53906 0.005 0.525
 2.61719 0.005 0.525
 2.69531 0.005 0.525
 2.77344 0.005 0.525
 2.85156 0.005 0.525
 2.92969 0.005 0.525
 3.00781 0.005 0.525
 3.08594 0.005 0.525
 3.16406 0.005 0.525
 3.24219 0.005 0.525
 3.32031 0.005 0.525
 3.39844 0.005 0.525
 3.47656 0.005 0.525
 3.55469 0.005 0.525
 3.63281 0.005 0.525
 3.71094 0.005 0.525
 3.78906 0.005 0.525
 3.86719 0.005 0.525
 3.94531 0.005 0.525
 4.02344 0.005 0.525
 4.10156 0.005 0.525
 4.17969 0.005 0.525
 4.25781 0.005 0.525
 4.33594 0.005 0.525
 4.41406 0.005 0.525
 4.49219 0.005 0.525
 4.57031 0.005 0.525
 4.64844 0.005 0.525
 4.72656 0.005 0.525
 4.80469 0.005 0.525
 4.88281 0.005 0.525
 4.96094 0.005 0.525
 5.03906 0.005 0.525
 5.11719 0.005 0.525
 5.19531 0.005 0.525
 5.27344 0.005 0.525
 5.35156 0.005 0.525
 5.42969 0.005 0.525
 5.50781 0.005 0.525
 5.58594 0.005 0.525
 5.66406 0.005 0.525
 5.74219 0.005 0.525
 5.82031 0.005 0.525
 5.89844 0.005 0.525
 5.97656 0.005 0.525
 6.05469 0.005 0.525
 6.13281 0.005 0.525
 6.21094 0.005 0.525
 6.28906 0.005 0.525
 6.36719 0.005 0.525
 6.44531 0.005 0.525
 6.52344 0.005 0.525
 6.60156 0.005 0.525
 6.67969 0.005 0.525
 6.75781 0.005 0.525
 6.83594 0.005 0.525
 6.91406 0.005 0.525
 6.99219 0.005 0.525
 7.07031 0.005 0.525
 7.14844 0.005 0.525
 7.22656 0.005 0.525
 7.30469 0.005 0.525
 7.38281 0.005 0.525
 7.46094 0.005 0.525
 7.53906 0.005 0.525
 7.61719 0.005 0.525
 7.69531 0.005 0.525
 7.77344 0.005 0.525
 7.85156 0.005 0.525
 7.92969 0.005 0.525
 8.00781 0.005 0.525
 8.08594 0.005 0.525
 8.16406 0.005 0.525
 8.24219 0.005 0.525
 8.32031 0.005 0.525
 8.39844 0.005 0.525
 8.47656 0.005 0.525
 8.55469 0.005 0.525
 8.63281 0.005 0.525
 8.71094 0.005 0.525
 8.78906 0.005 0.525
 8.86719 0.005 0.525
 8.94531 0.005 0.525
 9.02344 0.005 0.525
 9.10156 0.005 0.525
 9.17969 0.005 0.525
 9.25781 0.005 0.525
 9.33594 0.005 0.525
 9.41406 0.005 0.525
 9.49219 0.005 0.525
 9.57031 0.005 0.525
 9.64844 0.005 0.525
 9.72656 0.005 0.525
 9.80469 0.005 0.525
 9.88281 0.005 0.525
 9.96094 0.005 0.525
 0.0390625 0.005 0.575
 0.117188 0.005 0.575
 0.195313 0.005 0.575
 0.273438 0.005 0.575
 0.351562 0.005 0.575
 0.429687 0.005 0.575
 0.507812 0.005 0.575
 0.585938 0.005 0.575
 0.664062 0.005 0.575
 0.742187 0.005 0.575
 0.820312 0.005 0.575
 0.898437 0.005 0.575
 0.976562 0.005 0.575
 1.05469 0.005 0.575
 1.13281 0.005 0.575
 1.21094 0.005 0.575
 1.28906 0.005 0.575
 1.36719 0.005 0.575
 1.44531 0.005 0.575
 1.52344 0.005 0.575
 1.60156 0.005 0.575
 1.67969 0.005 0.575
 1.75781 0.005 0.575
 1.83594 0.005 0.575
 1.91406 0.005 0.575
 1.99219 0.005 0.575
 2.07031 0.005 0.575
 2.14844 0.005 0.575
 2.22656 0.005 0.575
 2.30469 0.005 0.575
 2.38281 0.005 0.575
 2.46094 0.005 0.575
 2.53906 0.005 0.575
 2.61719 0.005 0.575
 2.69531 0.005 0.575
 2.77344 0.005 0.575
 2.85156 0.005 0.575
 2.92969 0.005 0.575
 3.00781 0.005 0.575
 3.08594 0.005 0.575
 3.16406 0.005 0.575
 3.24219 0.005 0.575
 3.32031 0.005 0.575
 3.39844 0.005 0.575
 3.47656 0.005 0.575
 3.55469 0.005 0.575
 3.63281 0.005 0.575
 3.71094 0.005 0.575
 3.78906 0.005 0.575
 3.86719 0.005 0.575
 3.94531 0.005 0.575
 4.02344 0.005 0.575
 4.10156 0.005 0.575
 4.17969 0.005 0.575
 4.25781 0.005 0.575
 4.33594 0.005 0.575
 4.41406 0.005 0.575
 4.49219 0.005 0.575
 4.57031 0.005 0.575
 4.64844 0.005 0.575
 4.72656 0.005 0.575
 4.80469 0.005 0.575
 4.88281 0.005 0.575
 4.96094 0.005 0.575
 5.03906 0.005 0.575
 5.11719 0.005 0.575
 5.19531 0.005 0.575
 5.27344 0.005 0.575
 5.35156 0.005 0.575
 5.42969 0.005 0.575
 5.50781 0.005 0.575
 5.58594 0.005 0.575
 5.66406 0.005 0.575
 5.74219 0.005 0.575
 5.82031 0.005 0.575
 5.89844 0.005 0.575
 5.97656 0.005 0.575
 6.05469 0.005 0.575
 6.13281 0.005 0.575
 6.21094 0.005 0.575
 6.28906 0.005 0.575
 6.36719 0.005 0.575
 6.44531 0.005 0.575
 6.52344 0.005 0.575
 6.60156 0.005 0.575
 6.67969 0.005 0.575
 6.75781 0.005 0.575
 6.83594 0.005 0.575
 6.91406 0.005 0.575
 6.99219 0.005 0.575
 7.07031 0.005 0.575
 7.14844 0.005 0.575
 7.22656 0.005 0.575
 7.30469 0.005 0.575
 7.38281 0.005 0.575
 7.46094 0.005 0.575
 7.53906 0.005 0.575
 7.61719 0.005 0.575
 7.69531 0.005 0.575
 7.77344 0.005 0.575
 7.85156 0.005 0.575
 7.92969 0.005 0.575
 8.00781 0.005 0.575
 8.08594 0.005 0.575
 8.16406 0.005 0.575
 8.24219 0.005 0.575
 8.32031 0.005 0.575
 8.39844 0.005 0.575
 8.47656 0.005 0.575
 8.55469 0.005 0.575
 8.63281 0.005 0.575
 8.71094 0.005 0.575
 8.78906 0.005 0.575
 8.86719 0.005 0.575
 8.94531 0.005 0.575
 9.02344 0.005 0.575
 9.10156 0.005 0.575
 9.17969 0.005 0.575
 9.25781 0.005 0.575
 9.33594 0.005 0.575
 9.41406 0.005 0.575
 9.49219 0.005 0.575
 9.57031 0.005 0.575
 9.64844 0.005 0.575
 9.72656 0.005 0.575
 9.80469 0.005 0.575
 9.88281 0.005 0.575
 9.96094 0.005 0.575
 0.0390625 0.005 0.625
 0.117187 0.005 0.625
 0.195312 0.005 0.625
 0.273438 0.005 0.625
 0.351562 0.005 0.625
 0.429687 0.005 0.625
 0.507812 0.005 0.625
 0.585938 0.005 0.625
 0.664062 0.005 0.625
 0.742188 0.005 0.625
 0.820312 0.005 0.625
 0.898437 0.005 0.625
 0.976562 0.005 0.625
 1.05469 0.005 0.625
 1.13281 0.005 0.625
 1.21094 0.005 0.625
 1.28906 0.005 0.625
 1.36719 0.005 0.625
 1.44531 0.005 0.625
 1.52344 0.005 0.625
 1.60156 0.005 0.625
 1.67969 0.005 0.625
 1.75781 0.005 0.625
 1.83594 0.005 0.625
 1.91406 0.005 0.625
 1.99219 0.005 0.625
 2.07031 0.005 0.625
 2.14844 0.005 0.625
 2.22656 0.005 0.625
 2.30469 0.005 0.625
 2.38281 0.005 0.625
 2.46094 0.005 0.625
 2.53906 0.005 0.625
 2.61719 0.005 0.625
 2.69531 0.005 0.625
 2.77344 0.005 0.625
 2.85156 0.005 0.625
 2.92969 0.005 0.625
 3.00781 0.005 0.625
 3.08594 0.005 0.625
 3.16406 0.005 0.625
 3.24219 0.005 0.625
 3.32031 0.005 0.625
 3.39844 0.005 0.625
 3.47656 0.005 0.625
 3.55469 0.005 0.625
 3.63281 0.005 0.625
 3.71094 0.005 0.625
 3.78906 0.005 0.625
 3.86719 0.005 0.625
 3.94531 0.005 0.625
 4.02344 0.005 0.625
 4.10156 0.005 0.625
 4.17969 0.005 0.625
 4.25781 0.005 0.625
 4.33594 0.005 0.625
 4.41406 0.005 0.625
 4.49219 0.005 0.625
 4.57031 0.005 0.625
 4.64844 0.005 0.625
 4.72656 0.005 0.625
 4.80469 0.005 0.625
 4.88281 0.005 0.625
 4.96094 0.005 0.625
 5.03906 0.005 0.625
 5.11719 0.005 0.625
 5.19531 0.005 0.625
 5.27344 0.005 0.625
 5.35156 0.005 0.625
 5.42969 0.005 0.625
 5.50781 0.005 0.625
 5.58594 0.005 0.625
 5.66406 0.005 0.625
 5.74219 0.005 0.625
 5.82031 0.005 0.625
 5.89844 0.005 0.625
 5.97656 0.005 0.625
 6.05469 0.005 0.625
 6.13281 0.005 0.625
 6.21094 0.005 0.625
 6.28906 0.005 0.625
 6.36719 0.005 0.625
 6.44531 0.005 0.625
 6.52344 0.005 0.625
 6.60156 0.005 0.625
 6.67969 0.005 0.625
 6.75781 0.005 0.625
 6.83594 0.005 0.625
 6.91406 0.005 0.625
 6.99219 0.005 0.625
 7.07031 0.005 0.625
 7.14844 0.005 0.625
 7.22656 0.005 0.625
 7.30469 0.005 0.625
 7.38281 0.005 0.625
 7.46094 0.005 0.625
 7.53906 0.005 0.625
 7.61719 0.005 0.625
 7.69531 0.005 0.625
 7.77344 0.005 0.625
 7.85156 0.005 0.625
 7.92969 0.005 0.625
 8.00781 0.005 0.625
 8.08594 0.005 0.625
 8.16406 0.005 0.625
 8.24219 0.005 0.625
 8.32031 0.005 0.625
 8.39844 0.005 0.625
 8.47656 0.005 0.625
 8.55469 0.005 0.625
 8.63281 0.005 0.625
 8.71094 0.005 0.625
 8.78906 0.005 0.625
 8.86719 0.005 0.625
 8.94531 0.005 0.625
 9.02344 0.005 0.625
 9.10156 0.005 0.625
 9.17969 0.005 0.625
 9.25781 0.005 0.625
 9.33594 0.005 0.625
 9.41406 0.005 0.625
 9.49219 0.005 0.625
 9.57031 0.005 0.625
 9.64844 0.005 0.625
 9.72656 0.005 0.625
 9.80469 0.005 0.625
 9.88281 0.005 0.625
 9.96094 0.005 0.625
 0.0390625 0.005 0.675
 0.117188 0.005 0.675
 0.195313 0.005 0.675
 0.273438 0.005 0.675
 0.351562 0.005 0.675
 0.429688 0.005 0.675
 0.507813 0.005 0.675
 0.585938 0.005 0.675
 0.664063 0.005 0.675
 0.742187 0.005 0.675
 0.820312 0.005 0.675
 0.898438 0.005 0.675
 0.976562 0.005 0.675
 1.05469 0.005 0.675
 1.13281 0.005 0.675
 1.21094 0.005 0.675
 1.28906 0.005 0.675
 1.36719 0.005 0.675
 1.44531 0.005 0.675
 1.52344 0.005 0.675
 1.60156 0.005 0.675
 1.67969 0.005 0.675
 1.75781 0.005 0.675
 1.83594 0.005 0.675
 1.91406 0.005 0.675
 1.99219 0.005 0.675
 2.07031 0.005 0.675
 2.14844 0.005 0.675
 2.22656 0.005 0.675
 2.30469 0.005 0.675
 2.38281 0.005 0.675
 2.46094 0.005 0.675
 2.53906 0.005 0.675
 2.61719 0.005 0.675
 2.69531 0.005 0.675
 2.77344 0.005 0.675
 2.85156 0.005 0.675
 2.92969 0.005 0.675
 3.00781 0.005 0.675
 3.08594 0.005 0.675
 3.16406 0.005 0.675
 3.24219 0.005 0.675
 3.32031 0.005 0.675
 3.39844 0.005 0.675
 3.47656 0.005 0.675
 3.55469 0.005 0.675
 3.63281 0.005 0.675
 3.71094 0.005 0.675
 3.78906 0.005 0.675
 3.86719 0.005 0.675
 3.94531 0.005 0.675
 4.02344 0.005 0.675
 4.10156 0.005 0.675
 4.17969 0.005 0.675
 4.25781 0.005 0.675
 4.33594 0.005 0.675
 4.41406 0.005 0.675
 4.49219 0.005 0.675
 4.57031 0.005 0.675
 4.64844 0.005 0.675
 4.72656 0.005 0.675
 4.80469 0.005 0.675
 4.88281 0.005 0.675
 4.96094 0.005 0.675
 5.03906 0.005 0.675
 5.11719 0.005 0.675
 5.19531 0.005 0.675
 5.27344 0.005 0.675
 5.35156 0.005 0.675
 5.42969 0.005 0.675
 5.50781 0.005 0.675
 5.58594 0.005 0.675
 5.66406 0.005 0.675
 5.74219 0.005 0.675
 5.82031 0.005 0.675
 5.89844 0.005 0.675
 5.97656 0.005 0.675
 6.05469 0.005 0.675
 6.13281 0.005 0.675
 6.21094 0.005 0.675
 6.28906 0.005 0.675
 6.36719 0.005 0.675
 6.44531 0.005 0.675
 6.52344 0.005 0.675
 6.60156 0.005 0.675
 6.67969 0.005 0.675
 6.75781 0.005 0.675
 6.83594 0.005 0.675
 6.91406 0.005 0.675
 6.99219 0.005 0.675
 7.07031 0.005 0.675
 7.14844 0.005 0.675
 7.22656 0.005 0.675
 7.30469 0.005 0.675
 7.38281 0.005 0.675
 7.46094 0.005 0.675
 7.53906 0.005 0.675
 7.61719 0.005 0.675
 7.69531 0.005 0.675
 7.77344 0.005 0.675
 7.85156 0.005 0.675
 7.92969 0.005 0.675
 8.00781 0.005 0.675
 8.08594 0.005 0.675
 8.16406 0.005 0.675
 8.24219 0.005 0.675
 8.32031 0.005 0.675
 8.39844 0.005 0.675
 8.47656 0.005 0.675
 8.55469 0.005 0.675
 8.63281 0.005 0.675
 8.71094 0.005 0.675
 8.78906 0.005 0.675
 8.86719 0.005 0.675
 8.94531 0.005 0.675
 9.02344 0.005 0.675
 9.10156 0.005 0.675
 9.17969 0.005 0.675
 9.25781 0.005 0.675
 9.33594 0.005 0.675
 9.41406 0.005 0.675
 9.49219 0.005 0.675
 9.57031 0.005 0.675
 9.64844 0.005 0.675
 9.72656 0.005 0.675
 9.80469 0.005 0.675
 9.88281 0.005 0.675
 9.96094 0.005 0.675
 0.0390625 0.005 0.725
 0.117188 0.005 0.725
 0.195312 0.005 0.725
 0.273437 0.005 0.725
 0.351562 0.005 0.725
 0.429687 0.005 0.725
 0.507812 0.005 0.725
 0.585937 0.005 0.725
 0.664062 0.005 0.725
 0.742188 0.005 0.725
 0.820312 0.005 0.725
 0.898437 0.005 0.725
 0.976562 0.005 0.725
 1.05469 0.005 0.725
 1.13281 0.005 0.725
 1.21094 0.005 0.725
 1.28906 0.005 0.725
 1.36719 0.005 0.725
 1.44531 0.005 0.725
 1.52344 0.005 0.725
 1.60156 0.005 0.725
 1.67969 0.005 0.725
 1.75781 0.005 0.725
 1.83594 0.005 0.725
 1.91406 0.005 0.725
 1.99219 0.005 0.725
 2.07031 0.005 0.725
 2.14844 0.005 0.725
 2.22656 0.005 0.725
 2.30469 0.005 0.725
 2.38281 0.005 0.725
 2.46094 0.005 0.725
 2.53906 0.005 0.725
 2.61719 0.005 0.725
 2.69531 0.005 0.725
 2.77344 0.005 0.725
 2.85156 0.005 0.725
 2.92969 0.005 0.725
 3.00781 0.005 0.725
 3.08594 0.005 0.725
 3.16406 0.005 0.725
 3.24219 0.005 0.725
 3.32031 0.005 0.725
 3.39844 0.005 0.725
 3.47656 0.005 0.725
 3.55469 0.005 0.725
 3.63281 0.005 0.725
 3.71094 0.005 0.725
 3.78906 0.005 0.725
 3.86719 0.005 0.725
 3.94531 0.005 0.725
 4.02344 0.005 0.725
 4.10156 0.005 0.725
 4.17969 0.005 0.725
 4.25781 0.005 0.725
 4.33594 0.005 0.725
 4.41406 0.005 0.725
 4.49219 0.005 0.725
 4.57031 0.005 0.725
 4.64844 0.005 0.725
 4.72656 0.005 0.725
 4.80469 0.005 0.725
 4.88281 0.005 0.725
 4.96094 0.005 0.725
 5.03906 0.005 0.725
 5.11719 0.005 0.725
 5.19531 0.005 0.725
 5.27344 0.005 0.725
 5.35156 0.005 0.725
 5.42969 0.005 0.725
 5.50781 0.005 0.725
 5.58594 0.005 0.725
 5.66406 0.005 0.725
 5.74219 0.005 0.725
 5.82031 0.005 0.725
 5.89844 0.005 0.725
 5.97656 0.005 0.725
 6.05469 0.005 0.725
 6.13281 0.005 0.725
 6.21094 0.005 0.725
 6.28906 0.005 0.725
 6.36719 0.005 0.725
 6.44531 0.005 0.725
 6.52344 0.005 0.725
 6.60156 0.005 0.725
 6.67969 0.005 0.725
 6.75781 0.005 0.725
 6.83594 0.005 0.725
 6.91406 0.005 0.725
 6.99219 0.005 0.725
 7.07031 0.005 0.725
 7.14844 0.005 0.725
 7.22656 0.005 0.725
 7.30469 0.005 0.725
 7.38281 0.005 0.725
 7.46094 0.005 0.725
 7.53906 0.005 0.725
 7.61719 0.005 0.725
 7.69531 0.005 0.725
 7.77344 0.005 0.725
 7.85156 0.005 0.725
 7.92969 0.005 0.725
 8.00781 0.005 0.725
 8.08594 0.005 0.725
 8.16406 0.005 0.725
 8.24219 0.005 0.725
 8.32031 0.005 0.725
 8.39844 0.005 0.725
 8.47656 0.005 0.725
 8.55469 0.005 0.725
 8.63281 0.005 0.725
 8.71094 0.005 0.725
 8.78906 0.005 0.725
 8.86719 0.005 0.725
 8.94531 0.005 0.725
 9.02344 0.005 0.725
 9.10156 0.005 0.725
 9.17969 0.005 0.725
 9.25781 0.005 0.725
 9.33594 0.005 0.725
 9.41406 0.005 0.725
 9.49219 0.005 0.725
 9.57031 0.005 0.725
 9.64844 0.005 0.725
 9.72656 0.005 0.725
 9.80469 0.005 0.725
 9.88281 0.005 0.725
 9.96094 0.005 0.725
 0.0390625 0.005 0.775
 0.117187 0.005 0.775
 0.195312 0.005 0.775
 0.273437 0.005 0.775
 0.351562 0.005 0.775
 0.429687 0.005 0.775
 0.507813 0.005 0.775
 0.585937 0.005 0.775
 0.664062 0.005 0.775
 0.742188 0.005 0.775
 0.820312 0.005 0.775
 0.898438 0.005 0.775
 0.976562 0.005 0.775
 1.05469 0.005 0.775
 1.13281 0.005 0.775
 1.21094 0.005 0.775
 1.28906 0.005 0.775
 1.36719 0.005 0.775
 1.44531 0.005 0.775
 1.52344 0.005 0.775
 1.60156 0.005 0.775
 1.67969 0.005 0.775
 1.75781 0.005 0.775
 1.83594 0.005 0.775
 1.91406 0.005 0.775
 1.99219 0.005 0.775
 2.07031 0.005 0.775
 2.14844 0.005 0.775
 2.22656 0.005 0.775
 2.30469 0.005 0.775
 2.38281 0.005 0.775
 2.46094 0.005 0.775
 2.53906 0.005 0.775
 2.61719 0.005 0.775
 2.69531 0.005 0.775
 2.77344 0.005 0.775
 2.85156 0.005 0.775
 2.92969 0.005 0.775
 3.00781 0.005 0.775
 3.08594 0.005 0.775
 3.16406 0.005 0.775
 3.24219 0.005 0.775
 3.32031 0.005 0.775
 3.39844 0.005 0.775
 3.47656 0.005 0.775
 3.55469 0.005 0.775
 3.63281 0.005 0.775
 3.71094 0.005 0.775
 3.78906 0.005 0.775
 3.86719 0.005 0.775
 3.94531 0.005 0.775
 4.02344 0.005 0.775
 4.10156 0.005 0.775
 4.17969 0.005 0.775
 4.25781 0.005 0.775
 4.33594 0.005 0.775
 4.41406 0.005 0.775
 4.49219 0.005 0.775
 4.57031 0.005 0.775
 4.64844 0.005 0.775
 4.72656 0.005 0.775
 4.80469 0.005 0.775
 4.88281 0.005 0.775
 4.96094 0.005 0.775
 5.03906 0.005 0.775
 5.11719 0.005 0.775
 5.19531 0.005 0.775
 5.27344 0.005 0.775
 5.35156 0.005 0.775
 5.42969 0.005 0.775
 5.50781 0.005 0.775
 5.58594 0.005 0.775
 5.66406 0.005 0.775
 5.74219 0.005 0.775
 5.82031 0.005 0.775
 5.89844 0.005 0.775
 5.97656 0.005 0.775
 6.05469 0.005 0.775
 6.13281 0.005 0.775
 6.21094 0.005 0.775
 6.28906 0.005 0.775
 6.36719 0.005 0.775
 6.44531 0.005 0.775
 6.52344 0.005 0.775
 6.60156 0.005 0.775
 6.67969 0.005 0.775
 6.75781 0.005 0.775
 6.83594 0.005 0.775
 6.91406 0.005 0.775
 6.99219 0.005 0.775
 7.07031 0.005 0.775
 7.14844 0.005 0.775
 7.22656 0.005 0.775
 7.30469 0.005 0.775
 7.38281 0.005 0.775
 7.46094 0.005 0.775
 7.53906 0.005 0.775
 7.61719 0.005 0.775
 7.69531 0.005 0.775
 7.77344 0.005 0.775
 7.85156 0.005 0.775
 7.92969 0.005 0.775
 8.00781 0.005 0.775
 8.08594 0.005 0.775
 8.16406 0.005 0.775
 8.24219 0.005 0.775
 8.32031 0.005 0.775
 8.39844 0.005 0.775
 8.47656 0.005 0.775
 8.55469 0.005 0.775
 8.63281 0.005 0.775
 8.71094 0.005 0.775
 8.78906 0.005 0.775
 8.86719 0.005 0.775
 8.94531 0.005 0.775
 9.02344 0.005 0.775
 9.10156 0.005 0.775
 9.17969 0.005 0.775
 9.25781 0.005 0.775
 9.33594 0.005 0.775
 9.41406 0.005 0.775
 9.49219 0.005 0.775
 9.57031 0.005 0.775
 9.64844 0.005 0.775
 9.72656 0.005 0.775
 9.80469 0.005 0.775
 9.88281 0.005 0.775
 9.96094 0.005 0.775
 0.0390625 0.005 0.824468
 0.117187 0.005 0.824468
 0.195312 0.005 0.824468
 0.273438 0.005 0.824468
 0.351562 0.005 0.824468
 0.429687 0.005 0.824468
 0.507812 0.005 0.824468
 0.585938 0.005 0.824468
 0.664062 0.005 0.824468
 0.742188 0.005 0.824468
 0.820312 0.005 0.824468
 0.898438 0.005 0.824468
 0.976562 0.005 0.824468
 1.05469 0.005 0.824468
 1.13281 0.005 0.824468
 1.21094 0.005 0.824468
 1.28906 0.005 0.824468
 1.36719 0.005 0.824468
 1.44531 0.005 0.824468
 1.52344 0.005 0.824468
 1.60156 0.005 0.824468
 1.67969 0.005 0.824468
 1.75781 0.005 0.824468
 1.83594 0.005 0.824468
 1.91406 0.005 0.824468
 1.99219 0.005 0.824468
 2.07031 0.005 0.824468
 2.14844 0.005 0.824468
 2.22656 0.005 0.824468
 2.30469 0.005 0.824468
 2.38281 0.005 0.824468
 2.46094 0.005 0.824468
 2.53906 0.005 0.824468
 2.61719 0.005 0.824468
 2.69531 0.005 0.824468
 2.77344 0.005 0.824468
 2.85156 0.005 0.824468
 2.92969 0.005 0.824468
 3.00781 0.005 0.824468
 3.08594 0.005 0.824468
 3.16406 0.005 0.824468
 3.24219 0.005 0.824468
 3.32031 0.005 0.824468
 3.39844 0.005 0.824468
 3.47656 0.005 0.824468
 3.55469 0.005 0.824468
 3.63281 0.005 0.824468
 3.71094 0.005 0.824468
 3.78906 0.005 0.824468
 3.86719 0.005 0.824468
 3.94531 0.005 0.824468
 4.02344 0.005 0.824468
 4.10156 0.005 0.824468
 4.17969 0.005 0.824468
 4.25781 0.005 0.824468
 4.33594 0.005 0.824468
 4.41406 0.005 0.824468
 4.49219 0.005 0.824468
 4.57031 0.005 0.824468
 4.64844 0.005 0.824468
 4.72656 0.005 0.824468
 4.80469 0.005 0.824468
 4.88281 0.005 0.824468
 4.96094 0.005 0.824468
 5.03906 0.005 0.824468
 5.11719 0.005 0.824468
 5.19531 0.005 0.824468
 5.27344 0.005 0.824468
 5.35156 0.005 0.824468
 5.42969 0.005 0.824468
 5.50781 0.005 0.824468
 5.58594 0.005 0.824468
 5.66406 0.005 0.824468
 5.74219 0.005 0.824468
 5.82031 0.005 0.824468
 5.89844 0.005 0.824468
 5.97656 0.005 0.824468
 6.05469 0.005 0.824468
 6.13281 0.005 0.824468
 6.21094 0.005 0.824468
 6.28906 0.005 0.824468
 6.36719 0.005 0.824468
 6.44531 0.005 0.824468
 6.52344 0.005 0.824468
 6.60156 0.005 0.824468
 6.67969 0.005 0.824468
 6.75781 0.005 0.824468
 6.83594 0.005 0.824468
 6.91406 0.005 0.824468
 6.99219 0.005 0.824468
 7.07031 0.005 0.824468
 7.14844 0.005 0.824468
 7.22656 0.005 0.824468
 7.30469 0.005 0.824468
 7.38281 0.005 0.824468
 7.46094 0.005 0.824468
 7.53906 0.005 0.824468
 7.61719 0.005 0.824468
 7.69531 0.005 0.824468
 7.77344 0.005 0.824468
 7.85156 0.005 0.824468
 7.92969 0.005 0.824468
 8.00781 0.005 0.824468
 8.08594 0.005 0.824468
 8.16406 0.005 0.824468
 8.24219 0.005 0.824468
 8.32031 0.005 0.824468
 8.39844 0.005 0.824468
 8.47656 0.005 0.824468
 8.55469 0.005 0.824468
 8.63281 0.005 0.824468
 8.71094 0.005 0.824468
 8.78906 0.005 0.824468
 8.86719 0.005 0.824468
 8.94531 0.005 0.824468
 9.02344 0.005 0.824468
 9.10156 0.005 0.824468
 9.17969 0.005 0.824468
 9.25781 0.005 0.824468
 9.33594 0.005 0.824468
 9.41406 0.005 0.824468
 9.49219 0.005 0.824468
 9.57031 0.005 0.824468
 9.64844 0.005 0.824468
 9.72656 0.005 0.824468
 9.80469 0.005 0.824468
 9.88281 0.005 0.824468
 9.96094 0.005 0.824468
 0.0390625 0.005 0.867881
 0.117187 0.005 0.867881
 0.195312 0.005 0.867881
 0.273438 0.005 0.867881
 0.351562 0.005 0.867881
 0.429687 0.005 0.867881
 0.507812 0.005 0.867881
 0.585938 0.005 0.867881
 0.664062 0.005 0.867881
 0.742188 0.005 0.867881
 0.820312 0.005 0.867881
 0.898438 0.005 0.867881
 0.976562 0.005 0.867881
 1.05469 0.005 0.867881
 1.13281 0.005 0.867881
 1.21094 0.005 0.867881
 1.28906 0.005 0.867881
 1.36719 0.005 0.867881
 1.44531 0.005 0.867881
 1.52344 0.005 0.867881
 1.60156 0.005 0.867881
 1.67969 0.005 0.867881
 1.75781 0.005 0.867881
 1.83594 0.005 0.867881
 1.91406 0.005 0.867881
 1.99219 0.005 0.867881
 2.07031 0.005 0.867881
 2.14844 0.005 0.867881
 2.22656 0.005 0.867881
 2.30469 0.005 0.867881
 2.38281 0.005 0.867881
 2.46094 0.005 0.867881
 2.53906 0.005 0.867881
 2.61719 0.005 0.867881
 2.69531 0.005 0.867881
 2.77344 0.005 0.867881
 2.85156 0.005 0.867881
 2.92969 0.005 0.867881
 3.00781 0.005 0.867881
 3.08594 0.005 0.867881
 3.16406 0.005 0.867881
 3.24219 0.005 0.867881
 3.32031 0.005 0.867881
 3.39844 0.005 0.867881
 3.47656 0.005 0.867881
 3.55469 0.005 0.867881
 3.63281 0.005 0.867881
 3.71094 0.005 0.867881
 3.78906 0.005 0.867881
 3.86719 0.005 0.867881
 3.94531 0.005 0.867881
 4.02344 0.005 0.867881
 4.10156 0.005 0.867881
 4.17969 0.005 0.867881
 4.25781 0.005 0.867881
 4.33594 0.005 0.867881
 4.41406 0.005 0.867881
 4.49219 0.005 0.867881
 4.57031 0.005 0.867881
 4.64844 0.005 0.867881
 4.72656 0.005 0.867881
 4.80469 0.005 0.867881
 4.88281 0.005 0.867881
 4.96094 0.005 0.867881
 5.03906 0.005 0.867881
 5.11719 0.005 0.867881
 5.19531 0.005 0.867881
 5.27344 0.005 0.867881
 5.35156 0.005 0.867881
 5.42969 0.005 0.867881
 5.50781 0.005 0.867881
 5.58594 0.005 0.867881
 5.66406 0.005 0.867881
 5.74219 0.005 0.867881
 5.82031 0.005 0.867881
 5.89844 0.005 0.867881
 5.97656 0.005 0.867881
 6.05469 0.005 0.867881
 6.13281 0.005 0.867881
 6.21094 0.005 0.867881
 6.28906 0.005 0.867881
 6.36719 0.005 0.867881
 6.44531 0.005 0.867881
 6.52344 0.005 0.867881
 6.60156 0.005 0.867881
 6.67969 0.005 0.867881
 6.75781 0.005 0.867881
 6.83594 0.005 0.867881
 6.91406 0.005 0.867881
 6.99219 0.005 0.867881
 7.07031 0.005 0.867881
 7.14844 0.005 0.867881
 7.22656 0.005 0.867881
 7.30469 0.005 0.867881
 7.38281 0.005 0.867881
 7.46094 0.005 0.867881
 7.53906 0.005 0.867881
 7.61719 0.005 0.867881
 7.69531 0.005 0.867881
 7.77344 0.005 0.867881
 7.85156 0.005 0.867881
 7.92969 0.005 0.867881
 8.00781 0.005 0.867881
 8.08594 0.005 0.867881
 8.16406 0.005 0.867881
 8.24219 0.005 0.867881
 8.32031 0.005 0.867881
 8.39844 0.005 0.867881
 8.47656 0.005 0.867881
 8.55469 0.005 0.867881
 8.63281 0.005 0.867881
 8.71094 0.005 0.867881
 8.78906 0.005 0.867881
 8.86719 0.005 0.867881
 8.94531 0.005 0.867881
 9.02344 0.005 0.867881
 9.10156 0.005 0.867881
 9.17969 0.005 0.867881
 9.25781 0.005 0.867881
 9.33594 0.005 0.867881
 9.41406 0.005 0.867881
 9.49219 0.005 0.867881
 9.57031 0.005 0.867881
 9.64844 0.005 0.867881
 9.72656 0.005 0.867881
 9.80469 0.005 0.867881
 9.88281 0.005 0.867881
 9.96094 0.005 0.867881
 0.0390625 0.005 0.901494
 0.117187 0.005 0.901494
 0.195313 0.005 0.901494
 0.273438 0.005 0.901494
 0.351562 0.005 0.901494
 0.429688 0.005 0.901494
 0.507812 0.005 0.901494
 0.585938 0.005 0.901494
 0.664062 0.005 0.901494
 0.742187 0.005 0.901494
 0.820312 0.005 0.901494
 0.898438 0.005 0.901494
 0.976563 0.005 0.901494
 1.05469 0.005 0.901494
 1.13281 0.005 0.901494
 1.21094 0.005 0.901494
 1.28906 0.005 0.901494
 1.36719 0.005 0.901494
 1.44531 0.005 0.901494
 1.52344 0.005 0.901494
 1.60156 0.005 0.901494
 1.67969 0.005 0.901494
 1.75781 0.005 0.901494
 1.83594 0.005 0.901494
 1.91406 0.005 0.901494
 1.99219 0.005 0.901494
 2.07031 0.005 0.901494
 2.14844 0.005 0.901494
 2.22656 0.005 0.901494
 2.30469 0.005 0.901494
 2.38281 0.005 0.901494
 2.46094 0.005 0.901494
 2.53906 0.005 0.901494
 2.61719 0.005 0.901494
 2.69531 0.005 0.901494
 2.77344 0.005 0.901494
 2.85156 0.005 0.901494
 2.92969 0.005 0.901494
 3.00781 0.005 0.901494
 3.08594 0.005 0.901494
 3.16406 0.005 0.901494
 3.24219 0.005 0.901494
 3.32031 0.005 0.901494
 3.39844 0.005 0.901494
 3.47656 0.005 0.901494
 3.55469 0.005 0.901494
 3.63281 0.005 0.901494
 3.71094 0.005 0.901494
 3.78906 0.005 0.901494
 3.86719 0.005 0.901494
 3.94531 0.005 0.901494
 4.02344 0.005 0.901494
 4.10156 0.005 0.901494
 4.17969 0.005 0.901494
 4.25781 0.005 0.901494
 4.33594 0.005 0.901494
 4.41406 0.005 0.901494
 4.49219 0.005 0.901494
 4.57031 0.005 0.901494
 4.64844 0.005 0.901494
 4.72656 0.005 0.901494
 4.80469 0.005 0.901494
 4.88281 0.005 0.901494
 4.96094 0.005 0.901494
 5.03906 0.005 0.901494
 5.11719 0.005 0.901494
 5.19531 0.005 0.901494
 5.27344 0.005 0.901494
 5.35156 0.005 0.901494
 5.42969 0.005 0.901494
 5.50781 0.005 0.901494
 5.58594 0.005 0.901494
 5.66406 0.005 0.901494
 5.74219 0.005 0.901494
 5.82031 0.005 0.901494
 5.89844 0.005 0.901494
 5.97656 0.005 0.901494
 6.05469 0.005 0.901494
 6.13281 0.005 0.901494
 6.21094 0.005 0.901494
 6.28906 0.005 0.901494
 6.36719 0.005 0.901494
 6.44531 0.005 0.901494
 6.52344 0.005 0.901494
 6.60156 0.005 0.901494
 6.67969 0.005 0.901494
 6.75781 0.005 0.901494
 6.83594 0.005 0.901494
 6.91406 0.005 0.901494
 6.99219 0.005 0.901494
 7.07031 0.005 0.901494
 7.14844 0.005 0.901494
 7.22656 0.005 0.901494
 7.30469 0.005 0.901494
 7.38281 0.005 0.901494
 7.46094 0.005 0.901494
 7.53906 0.005 0.901494
 7.61719 0.005 0.901494
 7.69531 0.005 0.901494
 7.77344 0.005 0.901494
 7.85156 0.005 0.901494
 7.92969 0.005 0.901494
 8.00781 0.005 0.901494
 8.08594 0.005 0.901494
 8.16406 0.005 0.901494
 8.24219 0.005 0.901494
 8.32031 0.005 0.901494
 8.39844 0.005 0.901494
 8.47656 0.005 0.901494
 8.55469 0.005 0.901494
 8.63281 0.005 0.901494
 8.71094 0.005 0.901494
 8.78906 0.005 0.901494
 8.86719 0.005 0.901494
 8.94531 0.005 0.901494
 9.02344 0.005 0.901494
 9.10156 0.005 0.901494
 9.17969 0.005 0.901494
 9.25781 0.005 0.901494
 9.33594 0.005 0.901494
 9.41406 0.005 0.901494
 9.49219 0.005 0.901494
 9.57031 0.005 0.901494
 9.64844 0.005 0.901494
 9.72656 0.005 0.901494
 9.80469 0.005 0.901494
 9.88281 0.005 0.901494
 9.96094 0.005 0.901494
 0.0390625 0.005 0.927519
 0.117188 0.005 0.927519
 0.195312 0.005 0.927519
 0.273438 0.005 0.927519
 0.351562 0.005 0.927519
 0.429688 0.005 0.927519
 0.507813 0.005 0.927519
 0.585938 0.005 0.927519
 0.664063 0.005 0.927519
 0.742187 0.005 0.927519
 0.820313 0.005 0.927519
 0.898438 0.005 0.927519
 0.976562 0.005 0.927519
 1.05469 0.005 0.927519
 1.13281 0.005 0.927519
 1.21094 0.005 0.927519
 1.28906 0.005 0.927519
 1.36719 0.005 0.927519
 1.44531 0.005 0.927519
 1.52344 0.005 0.927519
 1.60156 0.005 0.927519
 1.67969 0.005 0.927519
 1.75781 0.005 0.927519
 1.83594 0.005 0.927519
 1.91406 0.005 0.927519
 1.99219 0.005 0.927519
 2.07031 0.005 0.927519
 2.14844 0.005 0.927519
 2.22656 0.005 0.927519
 2.30469 0.005 0.927519
 2.38281 0.005 0.927519
 2.46094 0.005 0.927519
 2.53906 0.005 0.927519
 2.61719 0.005 0.927519
 2.69531 0.005 0.927519
 2.77344 0.005 0.927519
 2.85156 0.005 0.927519
 2.92969 0.005 0.927519
 3.00781 0.005 0.927519
 3.08594 0.005 0.927519
 3.16406 0.005 0.927519
 3.24219 0.005 0.927519
 3.32031 0.005 0.927519
 3.39844 0.005 0.927519
 3.47656 0.005 0.927519
 3.55469 0.005 0.927519
 3.63281 0.005 0.927519
 3.71094 0.005 0.927519
 3.78906 0.005 0.927519
 3.86719 0.005 0.927519
 3.94531 0.005 0.927519
 4.02344 0.005 0.927519
 4.10156 0.005 0.927519
 4.17969 0.005 0.927519
 4.25781 0.005 0.927519
 4.33594 0.005 0.927519
 4.41406 0.005 0.927519
 4.49219 0.005 0.927519
 4.57031 0.005 0.927519
 4.64844 0.005 0.927519
 4.72656 0.005 0.927519
 4.80469 0.005 0.927519
 4.88281 0.005 0.927519
 4.96094 0.005 0.927519
 5.03906 0.005 0.927519
 5.11719 0.005 0.927519
 5.19531 0.005 0.927519
 5.27344 0.005 0.927519
 5.35156 0.005 0.927519
 5.42969 0.005 0.927519
 5.50781 0.005 0.927519
 5.58594 0.005 0.927519
 5.66406 0.005 0.927519
 5.74219 0.005 0.927519
 5.82031 0.005 0.927519
 5.89844 0.005 0.927519
 5.97656 0.005 0.927519
 6.05469 0.005 0.927519
 6.13281 0.005 0.927519
 6.21094 0.005 0.927519
 6.28906 0.005 0.927519
 6.36719 0.005 0.927519
 6.44531 0.005 0.927519
 6.52344 0.005 0.927519
 6.60156 0.005 0.927519
 6.67969 0.005 0.927519
 6.75781 0.005 0.927519
 6.83594 0.005 0.927519
 6.91406 0.005 0.927519
 6.99219 0.005 0.927519
 7.07031 0.005 0.927519
 7.14844 0.005 0.927519
 7.22656 0.005 0.927519
 7.30469 0.005 0.927519
 7.38281 0.005 0.927519
 7.46094 0.005 0.927519
 7.53906 0.005 0.927519
 7.61719 0.005 0.927519
 7.69531 0.005 0.927519
 7.77344 0.005 0.927519
 7.85156 0.005 0.927519
 7.92969 0.005 0.927519
 8.00781 0.005 0.927519
 8.08594 0.005 0.927519
 8.16406 0.005 0.927519
 8.24219 0.005 0.927519
 8.32031 0.005 0.927519
 8.39844 0.005 0.927519
 8.47656 0.005 0.927519
 8.55469 0.005 0.927519
 8.63281 0.005 0.927519
 8.71094 0.005 0.927519
 8.78906 0.005 0.927519
 8.86719 0.005 0.927519
 8.94531 0.005 0.927519
 9.02344 0.005 0.927519
 9.10156 0.005 0.927519
 9.17969 0.005 0.927519
 9.25781 0.005 0.927519
 9.33594 0.005 0.927519
 9.41406 0.005 0.927519
 9.49219 0.005 0.927519
 9.57031 0.005 0.927519
 9.64844 0.005 0.927519
 9.72656 0.005 0.927519
 9.80469 0.005 0.927519
 9.88281 0.005 0.927519
 9.96094 0.005 0.927519
 0.0390625 0.005 0.94767
 0.117188 0.005 0.94767
 0.195313 0.005 0.94767
 0.273437 0.005 0.94767
 0.351562 0.005 0.94767
 0.429688 0.005 0.94767
 0.507812 0.005 0.94767
 0.585938 0.005 0.94767
 0.664063 0.005 0.94767
 0.742188 0.005 0.94767
 0.820312 0.005 0.94767
 0.898437 0.005 0.94767
 0.976562 0.005 0.94767
 1.05469 0.005 0.94767
 1.13281 0.005 0.94767
 1.21094 0.005 0.94767
 1.28906 0.005 0.94767
 1.36719 0.005 0.94767
 1.44531 0.005 0.94767
 1.52344 0.005 0.94767
 1.60156 0.005 0.94767
 1.67969 0.005 0.94767
 1.75781 0.005 0.94767
 1.83594 0.005 0.94767
 1.91406 0.005 0.94767
 1.99219 0.005 0.94767
 2.07031 0.005 0.94767
 2.14844 0.005 0.94767
 2.22656 0.005 0.94767
 2.30469 0.005 0.94767
 2.38281 0.005 0.94767
 2.46094 0.005 0.94767
 2.53906 0.005 0.94767
 2.61719 0.005 0.94767
 2.69531 0.005 0.94767
 2.77344 0.005 0.94767
 2.85156 0.005 0.94767
 2.92969 0.005 0.94767
 3.00781 0.005 0.94767
 3.08594 0.005 0.94767
 3.16406 0.005 0.94767
 3.24219 0.005 0.94767
 3.32031 0.005 0.94767
 3.39844 0.005 0.94767
 3.47656 0.005 0.94767
 3.55469 0.005 0.94767
 3.63281 0.005 0.94767
 3.71094 0.005 0.94767
 3.78906 0.005 0.94767
 3.86719 0.005 0.94767
 3.94531 0.005 0.94767
 4.02344 0.005 0.94767
 4.10156 0.005 0.94767
 4.17969 0.005 0.94767
 4.25781 0.005 0.94767
 4.33594 0.005 0.94767
 4.41406 0.005 0.94767
 4.49219 0.005 0.94767
 4.57031 0.005 0.94767
 4.64844 0.005 0.94767
 4.72656 0.005 0.94767
 4.80469 0.005 0.94767
 4.88281 0.005 0.94767
 4.96094 0.005 0.94767
 5.03906 0.005 0.94767
 5.11719 0.005 0.94767
 5.19531 0.005 0.94767
 5.27344 0.005 0.94767
 5.35156 0.005 0.94767
 5.42969 0.005 0.94767
 5.50781 0.005 0.94767
 5.58594 0.005 0.94767
 5.66406 0.005 0.94767
 5.74219 0.005 0.94767
 5.82031 0.005 0.94767
 5.89844 0.005 0.94767
 5.97656 0.005 0.94767
 6.05469 0.005 0.94767
 6.13281 0.005 0.94767
 6.21094 0.005 0.94767
 6.28906 0.005 0.94767
 6.36719 0.005 0.94767
 6.44531 0.005 0.94767
 6.52344 0.005 0.94767
 6.60156 0.005 0.94767
 6.67969 0.005 0.94767
 6.75781 0.005 0.94767
 6.83594 0.005 0.94767
 6.91406 0.005 0.94767
 6.99219 0.005 0.94767
 7.07031 0.005 0.94767
 7.14844 0.005 0.94767
 7.22656 0.005 0.94767
 7.30469 0.005 0.94767
 7.38281 0.005 0.94767
 7.46094 0.005 0.94767
 7.53906 0.005 0.94767
 7.61719 0.005 0.94767
 7.69531 0.005 0.94767
 7.77344 0.005 0.94767
 7.85156 0.005 0.94767
 7.92969 0.005 0.94767
 8.00781 0.005 0.94767
 8.08594 0.005 0.94767
 8.16406 0.005 0.94767
 8.24219 0.005 0.94767
 8.32031 0.005 0.94767
 8.39844 0.005 0.94767
 8.47656 0.005 0.94767
 8.55469 0.005 0.94767
 8.63281 0.005 0.94767
 8.71094 0.005 0.94767
 8.78906 0.005 0.94767
 8.86719 0.005 0.94767
 8.94531 0.005 0.94767
 9.02344 0.005 0.94767
 9.10156 0.005 0.94767
 9.17969 0.005 0.94767
 9.25781 0.005 0.94767
 9.33594 0.005 0.94767
 9.41406 0.005 0.94767
 9.49219 0.005 0.94767
 9.57031 0.005 0.94767
 9.64844 0.005 0.94767
 9.72656 0.005 0.94767
 9.80469 0.005 0.94767
 9.88281 0.005 0.94767
 9.96094 0.005 0.94767
 0.0390625 0.005 0.963272
 0.117188 0.005 0.963272
 0.195312 0.005 0.963272
 0.273438 0.005 0.963272
 0.351562 0.005 0.963272
 0.429688 0.005 0.963272
 0.507812 0.005 0.963272
 0.585937 0.005 0.963272
 0.664062 0.005 0.963272
 0.742188 0.005 0.963272
 0.820313 0.005 0.963272
 0.898437 0.005 0.963272
 0.976563 0.005 0.963272
 1.05469 0.005 0.963272
 1.13281 0.005 0.963272
 1.21094 0.005 0.963272
 1.28906 0.005 0.963272
 1.36719 0.005 0.963272
 1.44531 0.005 0.963272
 1.52344 0.005 0.963272
 1.60156 0.005 0.963272
 1.67969 0.005 0.963272
 1.75781 0.005 0.963272
 1.83594 0.005 0.963272
 1.91406 0.005 0.963272
 1.99219 0.005 0.963272
 2.07031 0.005 0.963272
 2.14844 0.005 0.963272
 2.22656 0.005 0.963272
 2.30469 0.005 0.963272
 2.38281 0.005 0.963272
 2.46094 0.005 0.963272
 2.53906 0.005 0.963272
 2.61719 0.005 0.963272
 2.69531 0.005 0.963272
 2.77344 0.005 0.963272
 2.85156 0.005 0.963272
 2.92969 0.005 0.963272
 3.00781 0.005 0.963272
 3.08594 0.005 0.963272
 3.16406 0.005 0.963272
 3.24219 0.005 0.963272
 3.32031 0.005 0.963272
 3.39844 0.005 0.963272
 3.47656 0.005 0.963272
 3.55469 0.005 0.963272
 3.63281 0.005 0.963272
 3.71094 0.005 0.963272
 3.78906 0.005 0.963272
 3.86719 0.005 0.963272
 3.94531 0.005 0.963272
 4.02344 0.005 0.963272
 4.10156 0.005 0.963272
 4.17969 0.005 0.963272
 4.25781 0.005 0.963272
 4.33594 0.005 0.963272
 4.41406 0.005 0.963272
 4.49219 0.005 0.963272
 4.57031 0.005 0.963272
 4.64844 0.005 0.963272
 4.72656 0.005 0.963272
 4.80469 0.005 0.963272
 4.88281 0.005 0.963272
 4.96094 0.005 0.963272
 5.03906 0.005 0.963272
 5.11719 0.005 0.963272
 5.19531 0.005 0.963272
 5.27344 0.005 0.963272
 5.35156 0.005 0.963272
 5.42969 0.005 0.963272
 5.50781 0.005 0.963272
 5.58594 0.005 0.963272
 5.66406 0.005 0.963272
 5.74219 0.005 0.963272
 5.82031 0.005 0.963272
 5.89844 0.005 0.963272
 5.97656 0.005 0.963272
 6.05469 0.005 0.963272
 6.13281 0.005 0.963272
 6.21094 0.005 0.963272
 6.28906 0.005 0.963272
 6.36719 0.005 0.963272
 6.44531 0.005 0.963272
 6.52344 0.005 0.963272
 6.60156 0.005 0.963272
 6.67969 0.005 0.963272
 6.75781 0.005 0.963272
 6.83594 0.005 0.963272
 6.91406 0.005 0.963272
 6.99219 0.005 0.963272
 7.07031 0.005 0.963272
 7.14844 0.005 0.963272
 7.22656 0.005 0.963272
 7.30469 0.005 0.963272
 7.38281 0.005 0.963272
 7.46094 0.005 0.963272
 7.53906 0.005 0.963272
 7.61719 0.005 0.963272
 7.69531 0.005 0.963272
 7.77344 0.005 0.963272
 7.85156 0.005 0.963272
 7.92969 0.005 0.963272
 8.00781 0.005 0.963272
 8.08594 0.005 0.963272
 8.16406 0.005 0.963272
 8.24219 0.005 0.963272
 8.32031 0.005 0.963272
 8.39844 0.005 0.963272
 8.47656 0.005 0.963272
 8.55469 0.005 0.963272
 8.63281 0.005 0.963272
 8.71094 0.005 0.963272
 8.78906 0.005 0.963272
 8.86719 0.005 0.963272
 8.94531 0.005 0.963272
 9.02344 0.005 0.963272
 9.10156 0.005 0.963272
 9.17969 0.005 0.963272
 9.25781 0.005 0.963272
 9.33594 0.005 0.963272
 9.41406 0.005 0.963272
 9.49219 0.005 0.963272
 9.57031 0.005 0.963272
 9.64844 0.005 0.963272
 9.72656 0.005 0.963272
 9.80469 0.005 0.963272
 9.88281 0.005 0.963272
 9.96094 0.005 0.963272
 0.0390625 0.005 0.975351
 0.117188 0.005 0.975351
 0.195313 0.005 0.975351
 0.273437 0.005 0.975351
 0.351563 0.005 0.975351
 0.429688 0.005 0.975351
 0.507812 0.005 0.975351
 0.585938 0.005 0.975351
 0.664062 0.005 0.975351
 0.742187 0.005 0.975351
 0.820312 0.005 0.975351
 0.898438 0.005 0.975351
 0.976562 0.005 0.975351
 1.05469 0.005 0.975351
 1.13281 0.005 0.975351
 1.21094 0.005 0.975351
 1.28906 0.005 0.975351
 1.36719 0.005 0.975351
 1.44531 0.005 0.975351
 1.52344 0.005 0.975351
 1.60156 0.005 0.975351
 1.67969 0.005 0.975351
 1.75781 0.005 0.975351
 1.83594 0.005 0.975351
 1.91406 0.005 0.975351
 1.99219 0.005 0.975351
 2.07031 0.005 0.975351
 2.14844 0.005 0.975351
 2.22656 0.005 0.975351
 2.30469 0.005 0.975351
 2.38281 0.005 0.975351
 2.46094 0.005 0.975351
 2.53906 0.005 0.975351
 2.61719 0.005 0.975351
 2.69531 0.005 0.975351
 2.77344 0.005 0.975351
 2.85156 0.005 0.975351
 2.92969 0.005 0.975351
 3.00781 0.005 0.975351
 3.08594 0.005 0.975351
 3.16406 0.005 0.975351
 3.24219 0.005 0.975351
 3.32031 0.005 0.975351
 3.39844 0.005 0.975351
 3.47656 0.005 0.975351
 3.55469 0.005 0.975351
 3.63281 0.005 0.975351
 3.71094 0.005 0.975351
 3.78906 0.005 0.975351
 3.86719 0.005 0.975351
 3.94531 0.005 0.975351
 4.02344 0.005 0.975351
 4.10156 0.005 0.975351
 4.17969 0.005 0.975351
 4.25781 0.005 0.975351
 4.33594 0.005 0.975351
 4.41406 0.005 0.975351
 4.49219 0.005 0.975351
 4.57031 0.005 0.975351
 4.64844 0.005 0.975351
 4.72656 0.005 0.975351
 4.80469 0.005 0.975351
 4.88281 0.005 0.975351
 4.96094 0.005 0.975351
 5.03906 0.005 0.975351
 5.11719 0.005 0.975351
 5.19531 0.005 0.975351
 5.27344 0.005 0.975351
 5.35156 0.005 0.975351
 5.42969 0.005 0.975351
 5.50781 0.005 0.975351
 5.58594 0.005 0.975351
 5.66406 0.005 0.975351
 5.74219 0.005 0.975351
 5.82031 0.005 0.975351
 5.89844 0.005 0.975351
 5.97656 0.005 0.975351
 6.05469 0.005 0.975351
 6.13281 0.005 0.975351
 6.21094 0.005 0.975351
 6.28906 0.005 0.975351
 6.36719 0.005 0.975351
 6.44531 0.005 0.975351
 6.52344 0.005 0.975351
 6.60156 0.005 0.975351
 6.67969 0.005 0.975351
 6.75781 0.005 0.975351
 6.83594 0.005 0.975351
 6.91406 0.005 0.975351
 6.99219 0.005 0.975351
 7.07031 0.005 0.975351
 7.14844 0.005 0.975351
 7.22656 0.005 0.975351
 7.30469 0.005 0.975351
 7.38281 0.005 0.975351
 7.46094 0.005 0.975351
 7.53906 0.005 0.975351
 7.61719 0.005 0.975351
 7.69531 0.005 0.975351
 7.77344 0.005 0.975351
 7.85156 0.005 0.975351
 7.92969 0.005 0.975351
 8.00781 0.005 0.975351
 8.08594 0.005 0.975351
 8.16406 0.005 0.975351
 8.24219 0.005 0.975351
 8.32031 0.005 0.975351
 8.39844 0.005 0.975351
 8.47656 0.005 0.975351
 8.55469 0.005 0.975351
 8.63281 0.005 0.975351
 8.71094 0.005 0.975351
 8.78906 0.005 0.975351
 8.86719 0.005 0.975351
 8.94531 0.005 0.975351
 9.02344 0.005 0.975351
 9.10156 0.005 0.975351
 9.17969 0.005 0.975351
 9.25781 0.005 0.975351
 9.33594 0.005 0.975351
 9.41406 0.005 0.975351
 9.49219 0.005 0.975351
 9.57031 0.005 0.975351
 9.64844 0.005 0.975351
 9.72656 0.005 0.975351
 9.80469 0.005 0.975351
 9.88281 0.005 0.975351
 9.96094 0.005 0.975351
 0.0390625 0.005 0.984704
 0.117187 0.005 0.984704
 0.195313 0.005 0.984704
 0.273438 0.005 0.984704
 0.351562 0.005 0.984704
 0.429688 0.005 0.984704
 0.507812 0.005 0.984704
 0.585938 0.005 0.984704
 0.664062 0.005 0.984704
 0.742187 0.005 0.984704
 0.820313 0.005 0.984704
 0.898437 0.005 0.984704
 0.976562 0.005 0.984704
 1.05469 0.005 0.984704
 1.13281 0.005 0.984704
 1.21094 0.005 0.984704
 1.28906 0.005 0.984704
 1.36719 0.005 0.984704
 1.44531 0.005 0.984704
 1.52344 0.005 0.984704
 1.60156 0.005 0.984704
 1.67969 0.005 0.984704
 1.75781 0.005 0.984704
 1.83594 0.005 0.984704
 1.91406 0.005 0.984704
 1.99219 0.005 0.984704
 2.07031 0.005 0.984704
 2.14844 0.005 0.984704
 2.22656 0.005 0.984704
 2.30469 0.005 0.984704
 2.38281 0.005 0.984704
 2.46094 0.005 0.984704
 2.53906 0.005 0.984704
 2.61719 0.005 0.984704
 2.69531 0.005 0.984704
 2.77344 0.005 0.984704
 2.85156 0.005 0.984704
 2.92969 0.005 0.984704
 3.00781 0.005 0.984704
 3.08594 0.005 0.984704
 3.16406 0.005 0.984704
 3.24219 0.005 0.984704
 3.32031 0.005 0.984704
 3.39844 0.005 0.984704
 3.47656 0.005 0.984704
 3.55469 0.005 0.984704
 3.63281 0.005 0.984704
 3.71094 0.005 0.984704
 3.78906 0.005 0.984704
 3.86719 0.005 0.984704
 3.94531 0.005 0.984704
 4.02344 0.005 0.984704
 4.10156 0.005 0.984704
 4.17969 0.005 0.984704
 4.25781 0.005 0.984704
 4.33594 0.005 0.984704
 4.41406 0.005 0.984704
 4.49219 0.005 0.984704
 4.57031 0.005 0.984704
 4.64844 0.005 0.984704
 4.72656 0.005 0.984704
 4.80469 0.005 0.984704
 4.88281 0.005 0.984704
 4.96094 0.005 0.984704
 5.03906 0.005 0.984704
 5.11719 0.005 0.984704
 5.19531 0.005 0.984704
 5.27344 0.005 0.984704
 5.35156 0.005 0.984704
 5.42969 0.005 0.984704
 5.50781 0.005 0.984704
 5.58594 0.005 0.984704
 5.66406 0.005 0.984704
 5.74219 0.005 0.984704
 5.82031 0.005 0.984704
 5.89844 0.005 0.984704
 5.97656 0.005 0.984704
 6.05469 0.005 0.984704
 6.13281 0.005 0.984704
 6.21094 0.005 0.984704
 6.28906 0.005 0.984704
 6.36719 0.005 0.984704
 6.44531 0.005 0.984704
 6.52344 0.005 0.984704
 6.60156 0.005 0.984704
 6.67969 0.005 0.984704
 6.75781 0.005 0.984704
 6.83594 0.005 0.984704
 6.91406 0.005 0.984704
 6.99219 0.005 0.984704
 7.07031 0.005 0.984704
 7.14844 0.005 0.984704
 7.22656 0.005 0.984704
 7.30469 0.005 0.984704
 7.38281 0.005 0.984704
 7.46094 0.005 0.984704
 7.53906 0.005 0.984704
 7.61719 0.005 0.984704
 7.69531 0.005 0.984704
 7.77344 0.005 0.984704
 7.85156 0.005 0.984704
 7.92969 0.005 0.984704
 8.00781 0.005 0.984704
 8.08594 0.005 0.984704
 8.16406 0.005 0.984704
 8.24219 0.005 0.984704
 8.32031 0.005 0.984704
 8.39844 0.005 0.984704
 8.47656 0.005 0.984704
 8.55469 0.005 0.984704
 8.63281 0.005 0.984704
 8.71094 0.005 0.984704
 8.78906 0.005 0.984704
 8.86719 0.005 0.984704
 8.94531 0.005 0.984704
 9.02344 0.005 0.984704
 9.10156 0.005 0.984704
 9.17969 0.005 0.984704
 9.25781 0.005 0.984704
 9.33594 0.005 0.984704
 9.41406 0.005 0.984704
 9.49219 0.005 0.984704
 9.57031 0.005 0.984704
 9.64844 0.005 0.984704
 9.72656 0.005 0.984704
 9.80469 0.005 0.984704
 9.88281 0.005 0.984704
 9.96094 0.005 0.984704
 0.0390625 0.005 0.991946
 0.117188 0.005 0.991946
 0.195312 0.005 0.991946
 0.273438 0.005 0.991946
 0.351562 0.005 0.991946
 0.429688 0.005 0.991946
 0.507812 0.005 0.991946
 0.585937 0.005 0.991946
 0.664063 0.005 0.991946
 0.742188 0.005 0.991946
 0.820312 0.005 0.991946
 0.898437 0.005 0.991946
 0.976562 0.005 0.991946
 1.05469 0.005 0.991946
 1.13281 0.005 0.991946
 1.21094 0.005 0.991946
 1.28906 0.005 0.991946
 1.36719 0.005 0.991946
 1.44531 0.005 0.991946
 1.52344 0.005 0.991946
 1.60156 0.005 0.991946
 1.67969 0.005 0.991946
 1.75781 0.005 0.991946
 1.83594 0.005 0.991946
 1.91406 0.005 0.991946
 1.99219 0.005 0.991946
 2.07031 0.005 0.991946
 2.14844 0.005 0.991946
 2.22656 0.005 0.991946
 2.30469 0.005 0.991946
 2.38281 0.005 0.991946
 2.46094 0.005 0.991946
 2.53906 0.005 0.991946
 2.61719 0.005 0.991946
 2.69531 0.005 0.991946
 2.77344 0.005 0.991946
 2.85156 0.005 0.991946
 2.92969 0.005 0.991946
 3.00781 0.005 0.991946
 3.08594 0.005 0.991946
 3.16406 0.005 0.991946
 3.24219 0.005 0.991946
 3.32031 0.005 0.991946
 3.39844 0.005 0.991946
 3.47656 0.005 0.991946
 3.55469 0.005 0.991946
 3.63281 0.005 0.991946
 3.71094 0.005 0.991946
 3.78906 0.005 0.991946
 3.86719 0.005 0.991946
 3.94531 0.005 0.991946
 4.02344 0.005 0.991946
 4.10156 0.005 0.991946
 4.17969 0.005 0.991946
 4.25781 0.005 0.991946
 4.33594 0.005 0.991946
 4.41406 0.005 0.991946
 4.49219 0.005 0.991946
 4.57031 0.005 0.991946
 4.64844 0.005 0.991946
 4.72656 0.005 0.991946
 4.80469 0.005 0.991946
 4.88281 0.005 0.991946
 4.96094 0.005 0.991946
 5.03906 0.005 0.991946
 5.11719 0.005 0.991946
 5.19531 0.005 0.991946
 5.27344 0.005 0.991946
 5.35156 0.005 0.991946
 5.42969 0.005 0.991946
 5.50781 0.005 0.991946
 5.58594 0.005 0.991946
 5.66406 0.005 0.991946
 5.74219 0.005 0.991946
 5.82031 0.005 0.991946
 5.89844 0.005 0.991946
 5.97656 0.005 0.991946
 6.05469 0.005 0.991946
 6.13281 0.005 0.991946
 6.21094 0.005 0.991946
 6.28906 0.005 0.991946
 6.36719 0.005 0.991946
 6.44531 0.005 0.991946
 6.52344 0.005 0.991946
 6.60156 0.005 0.991946
 6.67969 0.005 0.991946
 6.75781 0.005 0.991946
 6.83594 0.005 0.991946
 6.91406 0.005 0.991946
 6.99219 0.005 0.991946
 7.07031 0.005 0.991946
 7.14844 0.005 0.991946
 7.22656 0.005 0.991946
 7.30469 0.005 0.991946
 7.38281 0.005 0.991946
 7.46094 0.005 0.991946
 7.53906 0.005 0.991946
 7.61719 0.005 0.991946
 7.69531 0.005 0.991946
 7.77344 0.005 0.991946
 7.85156 0.005 0.991946
 7.92969 0.005 0.991946
 8.00781 0.005 0.991946
 8.08594 0.005 0.991946
 8.16406 0.005 0.991946
 8.24219 0.005 0.991946
 8.32031 0.005 0.991946
 8.39844 0.005 0.991946
 8.47656 0.005 0.991946
 8.55469 0.005 0.991946
 8.63281 0.005 0.991946
 8.71094 0.005 0.991946
 8.78906 0.005 0.991946
 8.86719 0.005 0.991946
 8.94531 0.005 0.991946
 9.02344 0.005 0.991946
 9.10156 0.005 0.991946
 9.17969 0.005 0.991946
 9.25781 0.005 0.991946
 9.33594 0.005 0.991946
 9.41406 0.005 0.991946
 9.49219 0.005 0.991946
 9.57031 0.005 0.991946
 9.64844 0.005 0.991946
 9.72656 0.005 0.991946
 9.80469 0.005 0.991946
 9.88281 0.005 0.991946
 9.96094 0.005 0.991946
 0.0390625 0.005 0.997553
 0.117187 0.005 0.997553
 0.195312 0.005 0.997553
 0.273437 0.005 0.997553
 0.351562 0.005 0.997553
 0.429687 0.005 0.997553
 0.507812 0.005 0.997553
 0.585937 0.005 0.997553
 0.664062 0.005 0.997553
 0.742188 0.005 0.997553
 0.820312 0.005 0.997553
 0.898437 0.005 0.997553
 0.976562 0.005 0.997553
 1.05469 0.005 0.997553
 1.13281 0.005 0.997553
 1.21094 0.005 0.997553
 1.28906 0.005 0.997553
 1.36719 0.005 0.997553
 1.44531 0.005 0.997553
 1.52344 0.005 0.997553
 1.60156 0.005 0.997553
 1.67969 0.005 0.997553
 1.75781 0.005 0.997553
 1.83594 0.005 0.997553
 1.91406 0.005 0.997553
 1.99219 0.005 0.997553
 2.07031 0.005 0.997553
 2.14844 0.005 0.997553
 2.22656 0.005 0.997553
 2.30469 0.005 0.997553
 2.38281 0.005 0.997553
 2.46094 0.005 0.997553
 2.53906 0.005 0.997553
 2.61719 0.005 0.997553
 2.69531 0.005 0.997553
 2.77344 0.005 0.997553
 2.85156 0.005 0.997553
 2.92969 0.005 0.997553
 3.00781 0.005 0.997553
 3.08594 0.005 0.997553
 3.16406 0.005 0.997553
 3.24219 0.005 0.997553
 3.32031 0.005 0.997553
 3.39844 0.005 0.997553
 3.47656 0.005 0.997553
 3.55469 0.005 0.997553
 3.63281 0.005 0.997553
 3.71094 0.005 0.997553
 3.78906 0.005 0.997553
 3.86719 0.005 0.997553
 3.94531 0.005 0.997553
 4.02344 0.005 0.997553
 4.10156 0.005 0.997553
 4.17969 0.005 0.997553
 4.25781 0.005 0.997553
 4.33594 0.005 0.997553
 4.41406 0.005 0.997553
 4.49219 0.005 0.997553
 4.57031 0.005 0.997553
 4.64844 0.005 0.997553
 4.72656 0.005 0.997553
 4.80469 0.005 0.997553
 4.88281 0.005 0.997553
 4.96094 0.005 0.997553
 5.03906 0.005 0.997553
 5.11719 0.005 0.997553
 5.19531 0.005 0.997553
 5.27344 0.005 0.997553
 5.35156 0.005 0.997553
 5.42969 0.005 0.997553
 5.50781 0.005 0.997553
 5.58594 0.005 0.997553
 5.66406 0.005 0.997553
 5.74219 0.005 0.997553
 5.82031 0.005 0.997553
 5.89844 0.005 0.997553
 5.97656 0.005 0.997553
 6.05469 0.005 0.997553
 6.13281 0.005 0.997553
 6.21094 0.005 0.997553
 6.28906 0.005 0.997553
 6.36719 0.005 0.997553
 6.44531 0.005 0.997553
 6.52344 0.005 0.997553
 6.60156 0.005 0.997553
 6.67969 0.005 0.997553
 6.75781 0.005 0.997553
 6.83594 0.005 0.997553
 6.91406 0.005 0.997553
 6.99219 0.005 0.997553
 7.07031 0.005 0.997553
 7.14844 0.005 0.997553
 7.22656 0.005 0.997553
 7.30469 0.005 0.997553
 7.38281 0.005 0.997553
 7.46094 0.005 0.997553
 7.53906 0.005 0.997553
 7.61719 0.005 0.997553
 7.69531 0.005 0.997553
 7.77344 0.005 0.997553
 7.85156 0.005 0.997553
 7.92969 0.005 0.997553
 8.00781 0.005 0.997553
 8.08594 0.005 0.997553
 8.16406 0.005 0.997553
 8.24219 0.005 0.997553
 8.32031 0.005 0.997553
 8.39844 0.005 0.997553
 8.47656 0.005 0.997553
 8.55469 0.005 0.997553
 8.63281 0.005 0.997553
 8.71094 0.005 0.997553
 8.78906 0.005 0.997553
 8.86719 0.005 0.997553
 8.94531 0.005 0.997553
 9.02344 0.005 0.997553
 9.10156 0.005 0.997553
 9.17969 0.005 0.997553
 9.25781 0.005 0.997553
 9.33594 0.005 0.997553
 9.41406 0.005 0.997553
 9.49219 0.005 0.997553
 9.57031 0.005 0.997553
 9.64844 0.005 0.997553
 9.72656 0.005 0.997553
 9.80469 0.005 0.997553
 9.88281 0.005 0.997553
 9.96094 0.005 0.997553
